xof 0303txt 0032

AnimTicksPerSecond {
	30;
}
Material lambert1 {
	 0.400000; 0.400000; 0.400000; 1.000000;;
	 0.000000;
	 0.000000; 0.000000; 0.000000;;
	 0.000000; 0.000000; 0.000000;;
}
Material IMPORTED_DIVER_TEXTU2 {
	 0.800000; 0.800000; 0.800000; 1.000000;;
	 0.000000;
	 0.000000; 0.000000; 0.000000;;
	 0.000000; 0.000000; 0.000000;;
	TextureFileName {".\\DIVER_DIF_01.tga";}
}
Frame Character_Root {
	FrameTransformMatrix {
		1.000000,0.000000,-0.000000,0.000000,0.000000,1.000000,-0.000000,0.000000,-0.000000,-0.000000,1.000000,0.000000,0.000000,0.000000,-0.000000,1.000000;;
	}
	Frame Root_Node {
		FrameTransformMatrix {
			1.000000,0.000000,-0.000000,0.000000,0.000000,1.000000,-0.000000,0.000000,-0.000000,-0.000000,1.000000,0.000000,-0.000000,0.837698,-0.054220,1.000000;;
		}
		Frame Spine_Hips {
			FrameTransformMatrix {
				0.995463,0.000325,0.095150,0.000000,0.012132,0.991399,-0.130309,0.000000,-0.094374,0.130872,0.986897,0.000000,0.000000,-0.021625,-0.006957,1.000000;;
			}
			Frame Spine_Lower {
				FrameTransformMatrix {
					0.998146,-0.019542,-0.057641,0.000000,0.026918,0.991134,0.130108,0.000000,0.054587,-0.131418,0.989823,0.000000,0.000000,0.051738,0.000000,1.000000;;
				}
				Frame Spine_Mid {
					FrameTransformMatrix {
						0.999265,0.035225,0.015153,0.000000,-0.035673,0.998901,0.030393,0.000000,-0.014066,-0.030911,0.999423,0.000000,-0.000000,0.180020,0.000000,1.000000;;
					}
					Frame Spine_Upper {
						FrameTransformMatrix {
							0.992881,-0.002299,0.119090,0.000000,-0.027419,0.968552,0.247295,0.000000,-0.115913,-0.248800,0.961594,0.000000,0.000000,0.167379,0.000000,1.000000;;
						}
						Frame L_Clavicle {
							FrameTransformMatrix {
								-0.104525,-0.943840,0.313433,0.000000,0.987110,-0.060052,0.148348,0.000000,-0.121195,0.324899,0.937951,0.000000,0.123195,0.133298,0.066591,1.000000;;
							}
							Frame L_Shoulder {
								FrameTransformMatrix {
									0.545201,-0.768219,0.335552,0.000000,0.791709,0.603440,0.095167,0.000000,-0.275595,0.213774,0.937202,0.000000,-0.012056,0.234860,-0.013978,1.000000;;
								}
								Frame L_Elbow {
									FrameTransformMatrix {
										1.000000,0.000000,-0.000000,0.000000,0.000000,0.736788,-0.676124,0.000000,-0.000000,0.676124,0.736788,0.000000,0.000000,0.206477,-0.000000,1.000000;;
									}
									Frame L_Forearm {
										FrameTransformMatrix {
											0.998594,0.000000,-0.053005,0.000000,-0.000000,1.000000,-0.000000,0.000000,0.053005,0.000000,0.998594,0.000000,-0.000000,0.084252,-0.000000,1.000000;;
										}
										Frame L_Wrist {
											FrameTransformMatrix {
												0.997534,0.066393,-0.022776,0.000000,-0.066063,0.997703,0.014962,0.000000,0.023717,-0.013420,0.999629,0.000000,-0.000000,0.108255,-0.000000,1.000000;;
											}
											Frame L_Thumb1 {
												FrameTransformMatrix {
													-0.068933,0.348233,0.934870,0.000000,0.046254,0.937207,-0.345693,0.000000,-0.996548,0.019412,-0.080712,0.000000,0.024165,0.102771,-0.114598,1.000000;;
												}
												Frame L_Thumb2 {
													FrameTransformMatrix {
														0.847606,-0.530627,0.000000,0.000000,0.530627,0.847606,-0.000000,0.000000,-0.000000,0.000000,1.000000,0.000000,-0.000000,0.077335,0.000000,1.000000;;
													}
												}
											}
											Frame L_Fgr_Index1 {
												FrameTransformMatrix {
													0.737414,-0.667982,-0.100105,0.000000,0.671355,0.741136,-0.000000,0.000000,0.074191,-0.067206,0.994977,0.000000,-0.008749,0.210378,-0.014132,1.000000;;
												}
												Frame L_Fgr_Index2 {
													FrameTransformMatrix {
														0.626800,-0.779180,0.000000,0.000000,0.779180,0.626800,-0.000000,0.000000,-0.000000,0.000000,1.000000,0.000000,0.000000,0.089384,-0.000000,1.000000;;
													}
												}
											}
										}
									}
								}
							}
						}
						Frame R_Clavicle {
							FrameTransformMatrix {
								-0.134039,0.941837,-0.308181,0.000000,0.940248,0.022647,-0.339737,0.000000,-0.312997,-0.335305,-0.888596,0.000000,-0.123195,0.133298,0.066591,1.000000;;
							}
							Frame R_Shoulder {
								FrameTransformMatrix {
									0.781694,-0.591639,0.197278,0.000000,0.518677,0.441077,-0.732411,0.000000,0.346308,0.674844,0.651656,0.000000,0.012056,-0.234860,0.013978,1.000000;;
								}
								Frame R_Elbow {
									FrameTransformMatrix {
										1.000000,0.000000,-0.000000,0.000000,0.000000,0.502080,-0.864821,0.000000,-0.000000,0.864821,0.502080,0.000000,-0.000001,-0.206477,-0.000002,1.000000;;
									}
									Frame R_Forearm {
										FrameTransformMatrix {
											0.851542,0.000000,-0.524287,0.000000,-0.000000,1.000000,-0.000000,0.000000,0.524287,0.000000,0.851542,0.000000,-0.000008,-0.084252,0.000000,1.000000;;
										}
										Frame R_Wrist {
											FrameTransformMatrix {
												0.957092,0.152274,-0.246553,0.000000,-0.172656,0.982956,-0.063148,0.000000,0.232735,0.103008,0.967070,0.000000,0.000002,-0.108255,-0.000000,1.000000;;
											}
											Frame R_Thumb1 {
												FrameTransformMatrix {
													-0.034784,0.404292,0.913968,0.000000,0.497211,0.800309,-0.335092,0.000000,-0.866932,0.442779,-0.228856,0.000000,-0.024165,-0.102771,0.114598,1.000000;;
												}
												Frame R_Thumb2 {
													FrameTransformMatrix {
														0.882127,-0.471012,0.000000,0.000000,0.471012,0.882127,-0.000000,0.000000,-0.000000,0.000000,1.000000,0.000000,-0.000000,-0.077335,0.000000,1.000000;;
													}
												}
											}
											Frame R_Fgr_Index1 {
												FrameTransformMatrix {
													0.777173,-0.623992,-0.081457,0.000000,0.626073,0.779764,-0.000000,0.000000,0.063517,-0.050998,0.996677,0.000000,0.008749,-0.210378,0.014132,1.000000;;
												}
												Frame R_Fgr_Index2 {
													FrameTransformMatrix {
														0.709920,-0.704282,0.000000,0.000000,0.704282,0.709920,-0.000000,0.000000,-0.000000,0.000000,1.000000,0.000000,-0.000000,-0.089384,-0.000000,1.000000;;
													}
												}
											}
										}
									}
								}
							}
						}
						Frame Head {
							FrameTransformMatrix {
								0.983937,-0.051791,-0.170835,0.000000,0.000000,0.956989,-0.290126,0.000000,0.178514,0.285466,0.941617,0.000000,-0.000000,0.299176,-0.037509,1.000000;;
							}
						}
					}
				}
			}
			Frame L_Thigh {
				FrameTransformMatrix {
					-0.998184,-0.013603,-0.058685,0.000000,0.037929,-0.898750,-0.436818,0.000000,-0.046801,-0.438250,0.897634,0.000000,0.189991,-0.079435,0.044513,1.000000;;
				}
				Frame L_Knee {
					FrameTransformMatrix {
						-1.000000,-0.000000,0.000000,0.000000,0.000000,0.864786,0.502141,0.000000,-0.000000,0.502141,-0.864786,0.000000,0.000094,0.197616,0.000000,1.000000;;
					}
					Frame L_Foot {
						FrameTransformMatrix {
							0.988265,-0.020090,0.151423,0.000000,-0.133495,0.368198,0.920114,0.000000,-0.074239,-0.929530,0.361195,0.000000,0.000000,0.266128,-0.000000,1.000000;;
						}
					}
				}
			}
			Frame R_Thigh {
				FrameTransformMatrix {
					-0.981449,-0.017370,0.190936,0.000000,-0.051647,-0.935119,-0.350548,0.000000,0.184637,-0.353907,0.916875,0.000000,-0.189991,-0.079435,0.044513,1.000000;;
				}
				Frame R_Knee {
					FrameTransformMatrix {
						-1.000000,0.000000,0.000000,0.000000,0.000000,0.870003,0.493047,0.000000,-0.000000,0.493047,-0.870003,0.000000,-0.000094,0.197616,0.000000,1.000000;;
					}
					Frame R_Foot {
						FrameTransformMatrix {
							0.995130,0.030282,-0.093808,0.000000,0.080787,0.294755,0.952152,0.000000,0.056484,-0.955093,0.290873,0.000000,0.000000,0.266128,-0.000000,1.000000;;
						}
					}
				}
			}
		}
	}
}
Frame DIVER {
	FrameTransformMatrix {
		1.000000,0.000000,-0.000000,0.000000,0.000000,1.000000,-0.000000,0.000000,-0.000000,-0.000000,1.000000,0.000000,0.000000,0.000000,-0.000000,1.000000;;
	}
	Mesh DIVERShape {
		5512;
		 0.151972;  1.017139; -0.445723;,
		 0.173540;  0.918151; -0.462242;,
		 0.295210;  0.930785; -0.374512;,
		 0.274010;  1.025378; -0.370729;,
		 0.371776;  0.998934; -0.089890;,
		 0.319540;  1.023908;  0.035872;,
		 0.275831;  1.074124;  0.022678;,
		 0.335806;  1.055785; -0.091078;,
		 0.117431;  1.172743; -0.370328;,
		 0.217313;  1.178904; -0.325704;,
		 0.202917;  1.255067; -0.275929;,
		 0.119354;  1.226309; -0.339427;,
		 0.238891;  1.209407;  0.118100;,
		 0.148967;  1.188690;  0.175248;,
		 0.156980;  1.280176;  0.193164;,
		 0.309187;  1.267598;  0.138205;,
		 0.259273;  0.940953; -0.336113;,
		 0.317624;  0.960430; -0.251589;,
		 0.322092;  1.036313; -0.249558;,
		 0.274010;  1.025378; -0.370729;,
		 0.275831;  1.074124;  0.022678;,
		 0.159388;  1.083935;  0.096942;,
		 0.150539;  1.119922;  0.133835;,
		 0.273131;  1.131325;  0.108559;,
		 0.292782;  1.064393; -0.092868;,
		 0.275831;  1.074124;  0.022678;,
		 0.273131;  1.131325;  0.108559;,
		 0.315304;  1.097676; -0.058896;,
		 0.242478;  1.042860; -0.337839;,
		 0.230324;  1.095094; -0.335891;,
		 0.118300;  1.089281; -0.392677;,
		 0.128704;  1.031577; -0.406750;,
		-0.000000;  1.434206; -0.032909;,
		 0.243099;  1.439246;  0.089954;,
		 0.182901;  1.399715;  0.156575;,
		 0.277174;  1.344267;  0.178090;,
		 0.156980;  1.280176;  0.193164;,
		 0.095004;  1.324723;  0.187395;,
		 0.182901;  1.376278;  0.156575;,
		 0.269271;  1.290969; -0.217174;,
		 0.279022;  1.256567; -0.238275;,
		 0.331495;  1.269680; -0.156458;,
		 0.325476;  1.352377; -0.138855;,
		 0.279022;  1.256567; -0.238275;,
		 0.350871;  1.170182; -0.185714;,
		 0.331495;  1.269680; -0.156458;,
		 0.154792;  0.699003; -0.228613;,
		 0.233696;  0.735339; -0.256304;,
		 0.144093;  0.747758; -0.339255;,
		 0.119149;  0.700821; -0.280630;,
		 0.311988;  0.774141; -0.196225;,
		 0.233696;  0.735339; -0.256304;,
		 0.220837;  0.654485; -0.235823;,
		 0.284866;  0.665051; -0.195437;,
		 0.144093;  0.747758; -0.339255;,
		 0.233696;  0.735339; -0.256304;,
		 0.258614;  0.848425; -0.331288;,
		 0.144722;  0.832704; -0.409476;,
		 0.233696;  0.735339; -0.256304;,
		 0.311988;  0.774141; -0.196225;,
		 0.325806;  0.881912; -0.237969;,
		 0.258614;  0.848425; -0.331288;,
		 0.268387;  0.724379;  0.014393;,
		 0.180366;  0.725460;  0.079986;,
		 0.296543;  0.853613;  0.032053;,
		 0.103412;  0.736306;  0.146611;,
		 0.180366;  0.725460;  0.079986;,
		 0.054440;  0.654035;  0.013280;,
		 0.233696;  0.735339; -0.256304;,
		 0.154792;  0.699003; -0.228613;,
		 0.152234;  0.637344; -0.210948;,
		 0.220837;  0.654485; -0.235823;,
		 0.076997;  0.647592; -0.133236;,
		 0.154792;  0.699003; -0.228613;,
		 0.119149;  0.700821; -0.280630;,
		 0.246426;  0.362099;  0.090426;,
		 0.320181;  0.366831;  0.012597;,
		 0.368485;  0.310343;  0.029002;,
		 0.245049;  0.297355;  0.144385;,
		 0.334099;  0.337409; -0.360346;,
		 0.203625;  0.335114; -0.400943;,
		 0.213374;  0.212650; -0.490550;,
		 0.379427;  0.205433; -0.406236;,
		 0.203625;  0.335114; -0.400943;,
		 0.063120;  0.303674; -0.317980;,
		 0.050024;  0.203640; -0.408770;,
		 0.213374;  0.212650; -0.490550;,
		 0.123800;  0.353037;  0.068640;,
		 0.246426;  0.362099;  0.090426;,
		 0.245049;  0.297355;  0.144385;,
		 0.107028;  0.282811;  0.131762;,
		 0.319314;  0.363239; -0.077586;,
		 0.378093;  0.317412; -0.164035;,
		 0.368485;  0.310343;  0.029002;,
		 0.320181;  0.366831;  0.012597;,
		 0.225129; -0.017302; -0.009631;,
		 0.270394; -0.005684;  0.213654;,
		 0.397409; -0.006718;  0.047390;,
		 0.240087; -0.017289; -0.190028;,
		 0.019376; -0.006318; -0.200069;,
		 0.028172; -0.006872; -0.024616;,
		 0.225129; -0.017302; -0.009631;,
		 0.258535;  0.368502; -0.136936;,
		 0.196143;  0.382029; -0.164145;,
		 0.196559;  0.357108; -0.262689;,
		 0.291917;  0.357619; -0.247799;,
		 0.240087; -0.017289; -0.190028;,
		 0.382896; -0.004920; -0.372714;,
		 0.216627; -0.004745; -0.457582;,
		 0.196143;  0.382029; -0.164145;,
		 0.120347;  0.353504; -0.104845;,
		 0.075941;  0.317300; -0.205275;,
		 0.196559;  0.357108; -0.262689;,
		 0.081459;  0.346799; -0.034415;,
		 0.051024;  0.282127; -0.011390;,
		 0.075941;  0.317300; -0.205275;,
		 0.120347;  0.353504; -0.104845;,
		 0.019376; -0.006318; -0.200069;,
		 0.240087; -0.017289; -0.190028;,
		 0.216627; -0.004745; -0.457582;,
		 0.046002; -0.004703; -0.367370;,
		 0.120347;  0.353504; -0.104845;,
		 0.196143;  0.382029; -0.164145;,
		 0.188334;  0.414763; -0.164612;,
		 0.132656;  0.403018; -0.135072;,
		 0.232017;  0.451291;  0.096020;,
		 0.297706;  0.449434;  0.013110;,
		 0.320181;  0.366831;  0.012597;,
		 0.246426;  0.362099;  0.090426;,
		 0.118493;  0.436372;  0.065601;,
		 0.232017;  0.451291;  0.096020;,
		 0.246426;  0.362099;  0.090426;,
		 0.123800;  0.353037;  0.068640;,
		 0.132656;  0.403018; -0.135072;,
		 0.086061;  0.412996; -0.056773;,
		 0.081459;  0.346799; -0.034415;,
		 0.120347;  0.353504; -0.104845;,
		 0.243460;  0.420365; -0.143902;,
		 0.188334;  0.414763; -0.164612;,
		 0.196143;  0.382029; -0.164145;,
		 0.258535;  0.368502; -0.136936;,
		 0.152704;  0.999432;  0.096180;,
		 0.283136;  0.974239;  0.018788;,
		 0.296543;  0.853613;  0.032053;,
		 0.145964;  0.874152;  0.194195;,
		 0.276865;  1.021684;  0.020160;,
		 0.162444;  1.037712;  0.096178;,
		 0.159388;  1.083935;  0.096942;,
		 0.275831;  1.074124;  0.022678;,
		 0.081459;  0.346799; -0.034415;,
		 0.123800;  0.353037;  0.068640;,
		 0.107028;  0.282811;  0.131762;,
		 0.051024;  0.282127; -0.011390;,
		 0.125638;  1.337314; -0.275656;,
		-0.000000;  1.434206; -0.032909;,
		 0.000000;  1.328355; -0.304833;,
		 0.000000;  1.171420; -0.390469;,
		 0.117431;  1.172743; -0.370328;,
		 0.119354;  1.226309; -0.339427;,
		-0.000000;  1.221175; -0.362600;,
		 0.000000;  1.029105; -0.438752;,
		 0.128704;  1.031577; -0.406750;,
		 0.118300;  1.089281; -0.392677;,
		-0.001718;  1.093811; -0.411200;,
		 0.000000;  1.018783; -0.467935;,
		-0.000000;  0.930739; -0.459341;,
		 0.137603;  0.928319; -0.423843;,
		 0.151972;  1.017139; -0.445723;,
		 0.000000;  0.739630; -0.404063;,
		 0.144093;  0.747758; -0.339255;,
		 0.144722;  0.832704; -0.409476;,
		-0.000000;  0.829654; -0.445518;,
		 0.119149;  0.700821; -0.280630;,
		 0.144093;  0.747758; -0.339255;,
		 0.000000;  0.739630; -0.404063;,
		-0.000000;  0.679283; -0.344213;,
		 0.076997;  0.647592; -0.133236;,
		 0.119149;  0.700821; -0.280630;,
		-0.000000;  0.679283; -0.344213;,
		 0.006287;  0.616934; -0.174099;,
		-0.002646;  0.748755;  0.177266;,
		 0.103412;  0.736306;  0.146611;,
		 0.054440;  0.654035;  0.013280;,
		-0.000952;  0.639267;  0.008360;,
		 0.000000;  1.014445;  0.134955;,
		 0.152704;  0.999432;  0.096180;,
		 0.145964;  0.874152;  0.194195;,
		-0.001533;  0.882876;  0.216000;,
		 0.000000;  1.042838;  0.138082;,
		 0.000000;  1.083400;  0.124566;,
		 0.159388;  1.083935;  0.096942;,
		 0.162444;  1.037712;  0.096178;,
		 0.000000;  1.083400;  0.124566;,
		-0.016879;  1.123302;  0.141265;,
		 0.150539;  1.119922;  0.133835;,
		 0.159388;  1.083935;  0.096942;,
		 0.156980;  1.280176;  0.193164;,
		 0.148967;  1.188690;  0.175248;,
		-0.018621;  1.186333;  0.174595;,
		-0.016899;  1.255512;  0.203037;,
		 0.086061;  0.412996; -0.056773;,
		 0.118493;  0.436372;  0.065601;,
		 0.123800;  0.353037;  0.068640;,
		 0.081459;  0.346799; -0.034415;,
		-0.000952;  0.639267;  0.008360;,
		 0.054440;  0.654035;  0.013280;,
		 0.076997;  0.647592; -0.133236;,
		 0.006287;  0.616934; -0.174099;,
		 0.145964;  0.874152;  0.194195;,
		 0.103412;  0.736306;  0.146611;,
		-0.002646;  0.748755;  0.177266;,
		-0.001533;  0.882876;  0.216000;,
		 0.296543;  0.853613;  0.032053;,
		 0.180366;  0.725460;  0.079986;,
		 0.103412;  0.736306;  0.146611;,
		 0.145964;  0.874152;  0.194195;,
		 0.154792;  0.699003; -0.228613;,
		 0.076997;  0.647592; -0.133236;,
		 0.085667;  0.611051; -0.105041;,
		 0.152234;  0.637344; -0.210948;,
		 0.085667;  0.611051; -0.105041;,
		 0.076997;  0.647592; -0.133236;,
		 0.054440;  0.654035;  0.013280;,
		 0.087335;  0.591009;  0.020993;,
		 0.054440;  0.654035;  0.013280;,
		 0.180366;  0.725460;  0.079986;,
		 0.202976;  0.595963;  0.084433;,
		 0.087335;  0.591009;  0.020993;,
		 0.297706;  0.449434;  0.013110;,
		 0.301511;  0.435771; -0.094719;,
		 0.319314;  0.363239; -0.077586;,
		 0.320181;  0.366831;  0.012597;,
		 0.268387;  0.724379;  0.014393;,
		 0.331518;  0.791848; -0.111381;,
		 0.315860;  0.677210; -0.122115;,
		 0.281687;  0.643444;  0.005964;,
		 0.331518;  0.791848; -0.111381;,
		 0.268387;  0.724379;  0.014393;,
		 0.296543;  0.853613;  0.032053;,
		 0.180366;  0.725460;  0.079986;,
		 0.268387;  0.724379;  0.014393;,
		 0.281687;  0.643444;  0.005964;,
		 0.202976;  0.595963;  0.084433;,
		 0.340612;  0.936337; -0.101833;,
		 0.331518;  0.791848; -0.111381;,
		 0.296543;  0.853613;  0.032053;,
		 0.283136;  0.974239;  0.018788;,
		 0.077912; -0.005888;  0.181989;,
		 0.270394; -0.005684;  0.213654;,
		 0.225129; -0.017302; -0.009631;,
		 0.028172; -0.006872; -0.024616;,
		 0.397409; -0.006718;  0.047390;,
		 0.456344; -0.005239; -0.120554;,
		 0.240087; -0.017289; -0.190028;,
		 0.225129; -0.017302; -0.009631;,
		 0.456344; -0.005239; -0.120554;,
		 0.428746; -0.007430; -0.224179;,
		 0.382896; -0.004920; -0.372714;,
		 0.240087; -0.017289; -0.190028;,
		 0.404088;  0.305351; -0.250863;,
		 0.334099;  0.337409; -0.360346;,
		 0.379427;  0.205433; -0.406236;,
		 0.432575;  0.200829; -0.261381;,
		 0.319314;  0.363239; -0.077586;,
		 0.258535;  0.368502; -0.136936;,
		 0.291917;  0.357619; -0.247799;,
		 0.378093;  0.317412; -0.164035;,
		 0.301511;  0.435771; -0.094719;,
		 0.243460;  0.420365; -0.143902;,
		 0.258535;  0.368502; -0.136936;,
		 0.319314;  0.363239; -0.077586;,
		 0.331518;  0.791848; -0.111381;,
		 0.311988;  0.774141; -0.196225;,
		 0.284866;  0.665051; -0.195437;,
		 0.315860;  0.677210; -0.122115;,
		 0.325806;  0.881912; -0.237969;,
		 0.311988;  0.774141; -0.196225;,
		 0.331518;  0.791848; -0.111381;,
		 0.340612;  0.936337; -0.101833;,
		 0.322092;  1.036313; -0.249558;,
		 0.317624;  0.960430; -0.251589;,
		 0.327208;  0.995174; -0.101487;,
		 0.335806;  1.055785; -0.091078;,
		 0.315304;  1.097676; -0.058896;,
		 0.302772;  1.133088; -0.226094;,
		 0.293551;  1.049670; -0.241727;,
		 0.292782;  1.064393; -0.092868;,
		 0.242478;  1.042860; -0.337839;,
		 0.293551;  1.049670; -0.241727;,
		 0.302772;  1.133088; -0.226094;,
		 0.230324;  1.095094; -0.335891;,
		 0.202917;  1.255067; -0.275929;,
		 0.217313;  1.178904; -0.325704;,
		 0.278954;  1.186128; -0.278412;,
		 0.279022;  1.256567; -0.238275;,
		 0.202917;  1.255067; -0.275929;,
		 0.279022;  1.256567; -0.238275;,
		 0.269271;  1.290969; -0.217174;,
		-0.000000;  1.434206; -0.032909;,
		 0.274473;  1.442608; -0.010600;,
		 0.243099;  1.439246;  0.089954;,
		 0.361926;  1.419193; -0.011266;,
		 0.274473;  1.419172; -0.010600;,
		 0.238945;  1.369298; -0.168337;,
		 0.329275;  1.375658; -0.141619;,
		 0.243099;  1.415810;  0.089954;,
		 0.274473;  1.419172; -0.010600;,
		 0.361926;  1.419193; -0.011266;,
		 0.336138;  1.393555;  0.132036;,
		 1.163262;  1.263157;  0.087193;,
		 1.152866;  1.310039;  0.063025;,
		 1.204097;  1.304330;  0.000206;,
		 1.209689;  1.247203;  0.006325;,
		 0.309187;  1.267598;  0.138205;,
		 0.335989;  1.369890;  0.131945;,
		 0.389119;  1.354427;  0.123266;,
		 0.397066;  1.269180;  0.135379;,
		 0.335989;  1.369890;  0.131945;,
		 0.361785;  1.395528; -0.011255;,
		 0.393328;  1.376970;  0.004316;,
		 0.389119;  1.354427;  0.123266;,
		 0.361785;  1.395528; -0.011255;,
		 0.325476;  1.352377; -0.138855;,
		 0.386897;  1.340996; -0.100756;,
		 0.393328;  1.376970;  0.004316;,
		 0.325476;  1.352377; -0.138855;,
		 0.331495;  1.269680; -0.156458;,
		 0.384486;  1.276767; -0.138064;,
		 0.386897;  1.340996; -0.100756;,
		 0.331495;  1.269680; -0.156458;,
		 0.350871;  1.170182; -0.185714;,
		 0.388051;  1.211395; -0.128597;,
		 0.384486;  1.276767; -0.138064;,
		 0.350871;  1.170182; -0.185714;,
		 0.339720;  1.129987; -0.030953;,
		 0.415826;  1.169352; -0.023029;,
		 0.388051;  1.211395; -0.128597;,
		 0.339720;  1.129987; -0.030953;,
		 0.329761;  1.165494;  0.107760;,
		 0.420545;  1.185484;  0.094003;,
		 0.415826;  1.169352; -0.023029;,
		 0.329761;  1.165494;  0.107760;,
		 0.309187;  1.267598;  0.138205;,
		 0.397066;  1.269180;  0.135379;,
		 0.420545;  1.185484;  0.094003;,
		 0.560876;  1.262124;  0.126450;,
		 0.559424;  1.342203;  0.107671;,
		 0.694738;  1.330548;  0.086857;,
		 0.694573;  1.274187;  0.103572;,
		 0.559424;  1.342203;  0.107671;,
		 0.562860;  1.381897;  0.002725;,
		 0.674880;  1.357044; -0.004161;,
		 0.694738;  1.330548;  0.086857;,
		 0.562860;  1.381897;  0.002725;,
		 0.563261;  1.349160; -0.087099;,
		 0.664854;  1.326634; -0.096080;,
		 0.674880;  1.357044; -0.004161;,
		 0.563261;  1.349160; -0.087099;,
		 0.563266;  1.278543; -0.112582;,
		 0.656476;  1.265249; -0.144001;,
		 0.664854;  1.326634; -0.096080;,
		 0.563266;  1.278543; -0.112582;,
		 0.563534;  1.211111; -0.096980;,
		 0.657558;  1.212507; -0.127518;,
		 0.656476;  1.265249; -0.144001;,
		 0.563534;  1.211111; -0.096980;,
		 0.562818;  1.179418; -0.006504;,
		 0.669230;  1.198920; -0.026169;,
		 0.657558;  1.212507; -0.127518;,
		 0.562818;  1.179418; -0.006504;,
		 0.563063;  1.202817;  0.077801;,
		 0.683595;  1.226100;  0.053493;,
		 0.669230;  1.198920; -0.026169;,
		 0.563063;  1.202817;  0.077801;,
		 0.560876;  1.262124;  0.126450;,
		 0.694573;  1.274187;  0.103572;,
		 0.683595;  1.226100;  0.053493;,
		 0.772635;  1.281437;  0.121285;,
		 0.775839;  1.337083;  0.114927;,
		 0.840982;  1.338232;  0.148966;,
		 0.843240;  1.273398;  0.175328;,
		 0.775839;  1.337083;  0.114927;,
		 0.760803;  1.364745;  0.008215;,
		 0.835415;  1.394919;  0.003600;,
		 0.840982;  1.338232;  0.148966;,
		 0.760803;  1.364745;  0.008215;,
		 0.754208;  1.334624; -0.076518;,
		 0.840375;  1.360059; -0.092260;,
		 0.835415;  1.394919;  0.003600;,
		 0.840375;  1.360059; -0.092260;,
		 0.754208;  1.334624; -0.076518;,
		 0.755888;  1.293557; -0.160901;,
		 0.869792;  1.306068; -0.160338;,
		 0.868748;  1.192923; -0.270039;,
		 0.854429;  1.151752; -0.245664;,
		 0.914504;  1.138352; -0.253487;,
		 0.911618;  1.202391; -0.284866;,
		 0.854429;  1.151752; -0.245664;,
		 0.871674;  1.138164; -0.189257;,
		 0.911100;  1.130676; -0.187781;,
		 0.914504;  1.138352; -0.253487;,
		 0.768968;  1.223047;  0.071723;,
		 0.772635;  1.281437;  0.121285;,
		 0.843240;  1.273398;  0.175328;,
		 0.861941;  1.232444;  0.113661;,
		 1.134987;  1.239264;  0.067738;,
		 1.163262;  1.263157;  0.087193;,
		 1.209689;  1.247203;  0.006325;,
		 1.207408;  1.222159;  0.010352;,
		 1.209689;  1.247203;  0.006325;,
		 1.204097;  1.304330;  0.000206;,
		 1.150962;  1.319537; -0.077462;,
		 1.171526;  1.268039; -0.107639;,
		 0.838843;  1.175918; -0.204467;,
		 0.852533;  1.159306; -0.140426;,
		 0.871674;  1.138164; -0.189257;,
		 0.854429;  1.151752; -0.245664;,
		 0.855330;  1.199451; -0.223494;,
		 0.838843;  1.175918; -0.204467;,
		 0.854429;  1.151752; -0.245664;,
		 0.868748;  1.192923; -0.270039;,
		 0.895871;  1.222141; -0.233731;,
		 0.855330;  1.199451; -0.223494;,
		 0.868748;  1.192923; -0.270039;,
		 0.911618;  1.202391; -0.284866;,
		 0.965510;  1.187638; -0.197518;,
		 0.931572;  1.213670; -0.223388;,
		 0.947864;  1.208251; -0.272225;,
		 0.966598;  1.157759; -0.237465;,
		 0.948841;  1.174746; -0.144166;,
		 0.965510;  1.187638; -0.197518;,
		 0.966598;  1.157759; -0.237465;,
		 0.957292;  1.143918; -0.193402;,
		 0.852533;  1.159306; -0.140426;,
		 0.917310;  1.149675; -0.123666;,
		 0.911100;  1.130676; -0.187781;,
		 0.871674;  1.138164; -0.189257;,
		 0.911100;  1.130676; -0.187781;,
		 0.917310;  1.149675; -0.123666;,
		 0.948841;  1.174746; -0.144166;,
		 0.957292;  1.143918; -0.193402;,
		 0.914504;  1.138352; -0.253487;,
		 0.911100;  1.130676; -0.187781;,
		 0.957292;  1.143918; -0.193402;,
		 0.966598;  1.157759; -0.237465;,
		 0.911618;  1.202391; -0.284866;,
		 0.914504;  1.138352; -0.253487;,
		 0.966598;  1.157759; -0.237465;,
		 0.947864;  1.208251; -0.272225;,
		 0.931572;  1.213670; -0.223388;,
		 0.895871;  1.222141; -0.233731;,
		 0.911618;  1.202391; -0.284866;,
		 0.947864;  1.208251; -0.272225;,
		 0.840375;  1.360059; -0.092260;,
		 0.869792;  1.306068; -0.160338;,
		 0.966753;  1.299201; -0.160534;,
		 0.991533;  1.357569; -0.108762;,
		 0.835415;  1.394919;  0.003600;,
		 0.840375;  1.360059; -0.092260;,
		 0.991533;  1.357569; -0.108762;,
		 0.944691;  1.383071;  0.004946;,
		 0.840982;  1.338232;  0.148966;,
		 0.835415;  1.394919;  0.003600;,
		 0.944691;  1.383071;  0.004946;,
		 0.955094;  1.330941;  0.154247;,
		 0.843240;  1.273398;  0.175328;,
		 0.840982;  1.338232;  0.148966;,
		 0.955094;  1.330941;  0.154247;,
		 0.956696;  1.287298;  0.179528;,
		 0.861941;  1.232444;  0.113661;,
		 0.843240;  1.273398;  0.175328;,
		 0.956696;  1.287298;  0.179528;,
		 0.960221;  1.247360;  0.115702;,
		 0.889090;  1.227083; -0.003663;,
		 0.806162;  1.216642;  0.002243;,
		 0.768968;  1.223047;  0.071723;,
		 0.861941;  1.232444;  0.113661;,
		 1.043057;  1.364225;  0.007009;,
		 1.105693;  1.338790; -0.099351;,
		 1.150962;  1.319537; -0.077462;,
		 1.112342;  1.344514;  0.010171;,
		 1.078865;  1.323640;  0.117623;,
		 1.043057;  1.364225;  0.007009;,
		 1.112342;  1.344514;  0.010171;,
		 1.152866;  1.310039;  0.063025;,
		 1.082972;  1.282409;  0.136214;,
		 1.078865;  1.323640;  0.117623;,
		 1.152866;  1.310039;  0.063025;,
		 1.163262;  1.263157;  0.087193;,
		 1.054607;  1.254328;  0.105291;,
		 1.082972;  1.282409;  0.136214;,
		 1.163262;  1.263157;  0.087193;,
		 1.134987;  1.239264;  0.067738;,
		 1.134987;  1.239264;  0.067738;,
		 1.124829;  1.247808; -0.003001;,
		 1.071437;  1.268138;  0.002750;,
		 1.054607;  1.254328;  0.105291;,
		 1.171526;  1.268039; -0.107639;,
		 1.155465;  1.243611; -0.082099;,
		 1.207408;  1.222159;  0.010352;,
		 1.209689;  1.247203;  0.006325;,
		 0.987403;  1.256305; -0.050616;,
		 0.889090;  1.227083; -0.003663;,
		 0.861941;  1.232444;  0.113661;,
		 0.960221;  1.247360;  0.115702;,
		 1.107983;  1.255056; -0.124871;,
		 1.071437;  1.268138;  0.002750;,
		 1.124829;  1.247808; -0.003001;,
		 1.155465;  1.243611; -0.082099;,
		 1.171526;  1.268039; -0.107639;,
		 1.105143;  1.287204; -0.141695;,
		 1.107983;  1.255056; -0.124871;,
		 1.155465;  1.243611; -0.082099;,
		 1.105693;  1.338790; -0.099351;,
		 1.105143;  1.287204; -0.141695;,
		 1.171526;  1.268039; -0.107639;,
		 1.150962;  1.319537; -0.077462;,
		 1.207408;  1.222159;  0.010352;,
		 1.155465;  1.243611; -0.082099;,
		 1.124829;  1.247808; -0.003001;,
		 1.134987;  1.239264;  0.067738;,
		 0.051024;  0.282127; -0.011390;,
		 0.107028;  0.282811;  0.131762;,
		 0.097707;  0.202188;  0.192556;,
		 0.051614;  0.200881; -0.013779;,
		 0.075941;  0.317300; -0.205275;,
		 0.051024;  0.282127; -0.011390;,
		 0.051614;  0.200881; -0.013779;,
		 0.050839;  0.229671; -0.190891;,
		 0.050024;  0.203640; -0.408770;,
		 0.063120;  0.303674; -0.317980;,
		 0.057831;  0.331812; -0.252276;,
		 0.020037;  0.229209; -0.192551;,
		 0.191679;  0.384882; -0.297762;,
		 0.057831;  0.331812; -0.252276;,
		 0.063120;  0.303674; -0.317980;,
		 0.203625;  0.335114; -0.400943;,
		 0.299872;  0.384498; -0.279831;,
		 0.191679;  0.384882; -0.297762;,
		 0.203625;  0.335114; -0.400943;,
		 0.334099;  0.337409; -0.360346;,
		 0.406150;  0.327514; -0.184029;,
		 0.299872;  0.384498; -0.279831;,
		 0.334099;  0.337409; -0.360346;,
		 0.404088;  0.305351; -0.250863;,
		 0.454215;  0.230066; -0.107212;,
		 0.406150;  0.327514; -0.184029;,
		 0.404088;  0.305351; -0.250863;,
		 0.432575;  0.200829; -0.261381;,
		 0.368485;  0.310343;  0.029002;,
		 0.378093;  0.317412; -0.164035;,
		 0.423917;  0.230741; -0.107521;,
		 0.368222;  0.203092;  0.047550;,
		 0.245049;  0.297355;  0.144385;,
		 0.368485;  0.310343;  0.029002;,
		 0.368222;  0.203092;  0.047550;,
		 0.262298;  0.202827;  0.213964;,
		 0.107028;  0.282811;  0.131762;,
		 0.245049;  0.297355;  0.144385;,
		 0.262298;  0.202827;  0.213964;,
		 0.097707;  0.202188;  0.192556;,
		 0.393328;  1.376970;  0.004316;,
		 0.386897;  1.340996; -0.100756;,
		 0.563261;  1.349160; -0.087099;,
		 0.562860;  1.381897;  0.002725;,
		 0.386897;  1.340996; -0.100756;,
		 0.384486;  1.276767; -0.138064;,
		 0.563266;  1.278543; -0.112582;,
		 0.563261;  1.349160; -0.087099;,
		 0.384486;  1.276767; -0.138064;,
		 0.388051;  1.211395; -0.128597;,
		 0.563534;  1.211111; -0.096980;,
		 0.563266;  1.278543; -0.112582;,
		 0.388051;  1.211395; -0.128597;,
		 0.415826;  1.169352; -0.023029;,
		 0.562818;  1.179418; -0.006504;,
		 0.563534;  1.211111; -0.096980;,
		 0.415826;  1.169352; -0.023029;,
		 0.420545;  1.185484;  0.094003;,
		 0.563063;  1.202817;  0.077801;,
		 0.562818;  1.179418; -0.006504;,
		 0.420545;  1.185484;  0.094003;,
		 0.397066;  1.269180;  0.135379;,
		 0.560876;  1.262124;  0.126450;,
		 0.563063;  1.202817;  0.077801;,
		 0.397066;  1.269180;  0.135379;,
		 0.389119;  1.354427;  0.123266;,
		 0.559424;  1.342203;  0.107671;,
		 0.560876;  1.262124;  0.126450;,
		 0.389119;  1.354427;  0.123266;,
		 0.393328;  1.376970;  0.004316;,
		 0.562860;  1.381897;  0.002725;,
		 0.559424;  1.342203;  0.107671;,
		 0.124953;  0.501481; -0.200550;,
		 0.188459;  0.498327; -0.221511;,
		 0.220837;  0.654485; -0.235823;,
		 0.152234;  0.637344; -0.210948;,
		 0.152234;  0.637344; -0.210948;,
		 0.085667;  0.611051; -0.105041;,
		 0.087708;  0.529862; -0.088951;,
		 0.124953;  0.501481; -0.200550;,
		 0.085667;  0.611051; -0.105041;,
		 0.087335;  0.591009;  0.020993;,
		 0.099471;  0.529674;  0.012908;,
		 0.087708;  0.529862; -0.088951;,
		 0.087335;  0.591009;  0.020993;,
		 0.202976;  0.595963;  0.084433;,
		 0.208502;  0.536350;  0.059099;,
		 0.099471;  0.529674;  0.012908;,
		 0.202976;  0.595963;  0.084433;,
		 0.281687;  0.643444;  0.005964;,
		 0.284822;  0.532240; -0.009506;,
		 0.208502;  0.536350;  0.059099;,
		 0.281687;  0.643444;  0.005964;,
		 0.315860;  0.677210; -0.122115;,
		 0.301221;  0.514291; -0.120350;,
		 0.284822;  0.532240; -0.009506;,
		 0.315860;  0.677210; -0.122115;,
		 0.284866;  0.665051; -0.195437;,
		 0.255366;  0.501370; -0.186554;,
		 0.301221;  0.514291; -0.120350;,
		 0.284866;  0.665051; -0.195437;,
		 0.220837;  0.654485; -0.235823;,
		 0.188459;  0.498327; -0.221511;,
		 0.255366;  0.501370; -0.186554;,
		 0.664298;  1.189406; -0.168675;,
		 0.680030;  1.172445; -0.026126;,
		 0.806162;  1.216642;  0.002243;,
		 0.748735;  1.225462; -0.137406;,
		 0.659717;  1.259293; -0.192225;,
		 0.664298;  1.189406; -0.168675;,
		 0.748735;  1.225462; -0.137406;,
		 0.755888;  1.293557; -0.160901;,
		 0.669251;  1.353183; -0.123100;,
		 0.659717;  1.259293; -0.192225;,
		 0.755888;  1.293557; -0.160901;,
		 0.754208;  1.334624; -0.076518;,
		 0.687060;  1.392577;  0.003676;,
		 0.669251;  1.353183; -0.123100;,
		 0.754208;  1.334624; -0.076518;,
		 0.760803;  1.364745;  0.008215;,
		 0.715337;  1.350068;  0.126991;,
		 0.687060;  1.392577;  0.003676;,
		 0.760803;  1.364745;  0.008215;,
		 0.775839;  1.337083;  0.114927;,
		 0.716397;  1.274021;  0.145978;,
		 0.715337;  1.350068;  0.126991;,
		 0.775839;  1.337083;  0.114927;,
		 0.772635;  1.281437;  0.121285;,
		 0.701180;  1.213109;  0.077929;,
		 0.716397;  1.274021;  0.145978;,
		 0.772635;  1.281437;  0.121285;,
		 0.768968;  1.223047;  0.071723;,
		 0.680030;  1.172445; -0.026126;,
		 0.701180;  1.213109;  0.077929;,
		 0.768968;  1.223047;  0.071723;,
		 0.806162;  1.216642;  0.002243;,
		 0.755888;  1.293557; -0.160901;,
		 0.748735;  1.225462; -0.137406;,
		 0.822068;  1.221798; -0.177373;,
		 0.843087;  1.258629; -0.206864;,
		 0.748735;  1.225462; -0.137406;,
		 0.780026;  1.197575; -0.034785;,
		 0.832728;  1.191891; -0.098848;,
		 0.822068;  1.221798; -0.177373;,
		 0.780026;  1.197575; -0.034785;,
		 0.889090;  1.227083; -0.003663;,
		 0.881361;  1.192479; -0.095766;,
		 0.832728;  1.191891; -0.098848;,
		 0.889090;  1.227083; -0.003663;,
		 0.987403;  1.256305; -0.050616;,
		 0.923101;  1.206666; -0.114642;,
		 0.881361;  1.192479; -0.095766;,
		 0.987403;  1.256305; -0.050616;,
		 0.983960;  1.253626; -0.134623;,
		 0.955799;  1.221329; -0.151839;,
		 0.923101;  1.206666; -0.114642;,
		 0.983960;  1.253626; -0.134623;,
		 0.966753;  1.299201; -0.160534;,
		 0.934270;  1.246715; -0.186187;,
		 0.955799;  1.221329; -0.151839;,
		 0.966753;  1.299201; -0.160534;,
		 0.869792;  1.306068; -0.160338;,
		 0.900561;  1.267989; -0.201007;,
		 0.934270;  1.246715; -0.186187;,
		 0.956696;  1.287298;  0.179528;,
		 0.955094;  1.330941;  0.154247;,
		 1.078865;  1.323640;  0.117623;,
		 1.082972;  1.282409;  0.136214;,
		 0.960221;  1.247360;  0.115702;,
		 0.956696;  1.287298;  0.179528;,
		 1.082972;  1.282409;  0.136214;,
		 1.054607;  1.254328;  0.105291;,
		 1.071437;  1.268138;  0.002750;,
		 0.987403;  1.256305; -0.050616;,
		 0.960221;  1.247360;  0.115702;,
		 1.054607;  1.254328;  0.105291;,
		 1.107983;  1.255056; -0.124871;,
		 0.983960;  1.253626; -0.134623;,
		 0.987403;  1.256305; -0.050616;,
		 1.071437;  1.268138;  0.002750;,
		 1.105143;  1.287204; -0.141695;,
		 0.966753;  1.299201; -0.160534;,
		 0.983960;  1.253626; -0.134623;,
		 1.107983;  1.255056; -0.124871;,
		 1.105693;  1.338790; -0.099351;,
		 0.991533;  1.357569; -0.108762;,
		 0.966753;  1.299201; -0.160534;,
		 1.105143;  1.287204; -0.141695;,
		 0.944691;  1.383071;  0.004946;,
		 0.991533;  1.357569; -0.108762;,
		 1.105693;  1.338790; -0.099351;,
		 1.043057;  1.364225;  0.007009;,
		 0.955094;  1.330941;  0.154247;,
		 0.944691;  1.383071;  0.004946;,
		 1.043057;  1.364225;  0.007009;,
		 1.078865;  1.323640;  0.117623;,
		 0.279022;  1.256567; -0.238275;,
		 0.278954;  1.186128; -0.278412;,
		 0.302772;  1.133088; -0.226094;,
		 0.350871;  1.170182; -0.185714;,
		 0.339720;  1.129987; -0.030953;,
		 0.350871;  1.170182; -0.185714;,
		 0.302772;  1.133088; -0.226094;,
		 0.315304;  1.097676; -0.058896;,
		 0.315304;  1.097676; -0.058896;,
		 0.273131;  1.131325;  0.108559;,
		 0.329761;  1.165494;  0.107760;,
		 0.339720;  1.129987; -0.030953;,
		 0.273131;  1.131325;  0.108559;,
		 0.238891;  1.209407;  0.118100;,
		 0.309187;  1.267598;  0.138205;,
		 0.329761;  1.165494;  0.107760;,
		-0.001718;  1.093811; -0.411200;,
		 0.118300;  1.089281; -0.392677;,
		 0.117431;  1.172743; -0.370328;,
		 0.000000;  1.171420; -0.390469;,
		 0.118300;  1.089281; -0.392677;,
		 0.230324;  1.095094; -0.335891;,
		 0.217313;  1.178904; -0.325704;,
		 0.117431;  1.172743; -0.370328;,
		 0.278954;  1.186128; -0.278412;,
		 0.217313;  1.178904; -0.325704;,
		 0.230324;  1.095094; -0.335891;,
		 0.302772;  1.133088; -0.226094;,
		 0.273131;  1.131325;  0.108559;,
		 0.150539;  1.119922;  0.133835;,
		 0.148967;  1.188690;  0.175248;,
		 0.238891;  1.209407;  0.118100;,
		-0.018621;  1.186333;  0.174595;,
		 0.148967;  1.188690;  0.175248;,
		 0.150539;  1.119922;  0.133835;,
		-0.016879;  1.123302;  0.141265;,
		-0.000000;  0.930739; -0.459341;,
		-0.000000;  0.829654; -0.445518;,
		 0.144722;  0.832704; -0.409476;,
		 0.137603;  0.928319; -0.423843;,
		 0.275894;  0.927052; -0.368880;,
		 0.168968;  0.918389; -0.445713;,
		 0.175652;  0.853758; -0.445847;,
		 0.284527;  0.867850; -0.367870;,
		 0.258614;  0.848425; -0.331288;,
		 0.325806;  0.881912; -0.237969;,
		 0.317624;  0.960430; -0.251589;,
		 0.259273;  0.940953; -0.336113;,
		 0.327208;  0.995174; -0.101487;,
		 0.317624;  0.960430; -0.251589;,
		 0.325806;  0.881912; -0.237969;,
		 0.340612;  0.936337; -0.101833;,
		 0.372789;  0.950663; -0.083977;,
		 0.317572;  0.983796;  0.027101;,
		 0.310000;  1.016729;  0.023260;,
		 0.356248;  0.993706; -0.087659;,
		 0.283136;  0.974239;  0.018788;,
		 0.152704;  0.999432;  0.096180;,
		 0.162444;  1.037712;  0.096178;,
		 0.276865;  1.021684;  0.020160;,
		 0.152704;  0.999432;  0.096180;,
		 0.000000;  1.014445;  0.134955;,
		 0.000000;  1.042838;  0.138082;,
		 0.162444;  1.037712;  0.096178;,
		 0.843087;  1.258629; -0.206864;,
		 0.822068;  1.221798; -0.177373;,
		 0.838843;  1.175918; -0.204467;,
		 0.855330;  1.199451; -0.223494;,
		 0.822068;  1.221798; -0.177373;,
		 0.832728;  1.191891; -0.098848;,
		 0.852533;  1.159306; -0.140426;,
		 0.838843;  1.175918; -0.204467;,
		 0.832728;  1.191891; -0.098848;,
		 0.881361;  1.192479; -0.095766;,
		 0.917310;  1.149675; -0.123666;,
		 0.852533;  1.159306; -0.140426;,
		 0.948841;  1.174746; -0.144166;,
		 0.917310;  1.149675; -0.123666;,
		 0.881361;  1.192479; -0.095766;,
		 0.923101;  1.206666; -0.114642;,
		 0.923101;  1.206666; -0.114642;,
		 0.955799;  1.221329; -0.151839;,
		 0.965510;  1.187638; -0.197518;,
		 0.948841;  1.174746; -0.144166;,
		 0.955799;  1.221329; -0.151839;,
		 0.934270;  1.246715; -0.186187;,
		 0.931572;  1.213670; -0.223388;,
		 0.965510;  1.187638; -0.197518;,
		 0.934270;  1.246715; -0.186187;,
		 0.900561;  1.267989; -0.201007;,
		 0.895871;  1.222141; -0.233731;,
		 0.931572;  1.213670; -0.223388;,
		 0.900561;  1.267989; -0.201007;,
		 0.843087;  1.258629; -0.206864;,
		 0.855330;  1.199451; -0.223494;,
		 0.895871;  1.222141; -0.233731;,
		 0.132656;  0.403018; -0.135072;,
		 0.188334;  0.414763; -0.164612;,
		 0.188459;  0.498327; -0.221511;,
		 0.124953;  0.501481; -0.200550;,
		 0.124953;  0.501481; -0.200550;,
		 0.087708;  0.529862; -0.088951;,
		 0.086061;  0.412996; -0.056773;,
		 0.132656;  0.403018; -0.135072;,
		 0.087708;  0.529862; -0.088951;,
		 0.099471;  0.529674;  0.012908;,
		 0.118493;  0.436372;  0.065601;,
		 0.086061;  0.412996; -0.056773;,
		 0.099471;  0.529674;  0.012908;,
		 0.208502;  0.536350;  0.059099;,
		 0.232017;  0.451291;  0.096020;,
		 0.118493;  0.436372;  0.065601;,
		 0.208502;  0.536350;  0.059099;,
		 0.284822;  0.532240; -0.009506;,
		 0.297706;  0.449434;  0.013110;,
		 0.232017;  0.451291;  0.096020;,
		 0.284822;  0.532240; -0.009506;,
		 0.301221;  0.514291; -0.120350;,
		 0.301511;  0.435771; -0.094719;,
		 0.297706;  0.449434;  0.013110;,
		 0.301221;  0.514291; -0.120350;,
		 0.255366;  0.501370; -0.186554;,
		 0.243460;  0.420365; -0.143902;,
		 0.301511;  0.435771; -0.094719;,
		 0.255366;  0.501370; -0.186554;,
		 0.188459;  0.498327; -0.221511;,
		 0.188334;  0.414763; -0.164612;,
		 0.243460;  0.420365; -0.143902;,
		 0.869792;  1.306068; -0.160338;,
		 0.755888;  1.293557; -0.160901;,
		 0.843087;  1.258629; -0.206864;,
		 0.900561;  1.267989; -0.201007;,
		 0.780026;  1.197575; -0.034785;,
		 0.748735;  1.225462; -0.137406;,
		 0.806162;  1.216642;  0.002243;,
		 0.806162;  1.216642;  0.002243;,
		 0.889090;  1.227083; -0.003663;,
		 0.780026;  1.197575; -0.034785;,
		 1.112342;  1.344514;  0.010171;,
		 1.150962;  1.319537; -0.077462;,
		 1.204097;  1.304330;  0.000206;,
		 1.152866;  1.310039;  0.063025;,
		 0.396013;  0.195391;  0.059890;,
		 0.397409; -0.006718;  0.047390;,
		 0.270394; -0.005684;  0.213654;,
		 0.267257;  0.191009;  0.245408;,
		 0.020733;  0.193814; -0.013576;,
		 0.028172; -0.006872; -0.024616;,
		 0.019376; -0.006318; -0.200069;,
		 0.020037;  0.229209; -0.192551;,
		 0.213374;  0.212650; -0.490550;,
		 0.216627; -0.004745; -0.457582;,
		 0.382896; -0.004920; -0.372714;,
		 0.379427;  0.205433; -0.406236;,
		 0.020037;  0.229209; -0.192551;,
		 0.019376; -0.006318; -0.200069;,
		 0.046002; -0.004703; -0.367370;,
		 0.050024;  0.203640; -0.408770;,
		 0.050024;  0.203640; -0.408770;,
		 0.046002; -0.004703; -0.367370;,
		 0.216627; -0.004745; -0.457582;,
		 0.213374;  0.212650; -0.490550;,
		 0.077849;  0.190969;  0.216741;,
		 0.077912; -0.005888;  0.181989;,
		 0.028172; -0.006872; -0.024616;,
		 0.020733;  0.193814; -0.013576;,
		 0.267257;  0.191009;  0.245408;,
		 0.270394; -0.005684;  0.213654;,
		 0.077912; -0.005888;  0.181989;,
		 0.077849;  0.190969;  0.216741;,
		 0.454215;  0.230066; -0.107212;,
		 0.456344; -0.005239; -0.120554;,
		 0.397409; -0.006718;  0.047390;,
		 0.396013;  0.195391;  0.059890;,
		 0.379427;  0.205433; -0.406236;,
