xof 0303txt 0032

AnimTicksPerSecond {
	30;
}
Material lambert1 {
	 0.400000; 0.400000; 0.400000; 1.000000;;
	 0.000000;
	 0.000000; 0.000000; 0.000000;;
	 0.000000; 0.000000; 0.000000;;
}
Material IMPORTED_DIVER_TEXTU2 {
	 0.800000; 0.800000; 0.800000; 1.000000;;
	 0.000000;
	 0.000000; 0.000000; 0.000000;;
	 0.000000; 0.000000; 0.000000;;
	TextureFileName {".\\DIVER_DIF_01.tga";}
}
Frame Character_Root {
	FrameTransformMatrix {
		1.000000,0.000000,-0.000000,0.000000,0.000000,1.000000,-0.000000,0.000000,-0.000000,-0.000000,1.000000,0.000000,0.000000,0.000000,-0.000000,1.000000;;
	}
	Frame Root_Node {
		FrameTransformMatrix {
			1.000000,0.000000,-0.000000,0.000000,0.000000,1.000000,-0.000000,0.000000,-0.000000,-0.000000,1.000000,0.000000,-0.000000,0.837698,-0.054220,1.000000;;
		}
		Frame Spine_Hips {
			FrameTransformMatrix {
				0.995463,0.000325,0.095150,0.000000,0.012132,0.991399,-0.130309,0.000000,-0.094374,0.130872,0.986897,0.000000,0.000000,-0.021625,-0.006957,1.000000;;
			}
			Frame Spine_Lower {
				FrameTransformMatrix {
					0.998146,-0.019542,-0.057641,0.000000,0.026918,0.991134,0.130108,0.000000,0.054587,-0.131418,0.989823,0.000000,0.000000,0.051738,0.000000,1.000000;;
				}
				Frame Spine_Mid {
					FrameTransformMatrix {
						0.999265,0.035225,0.015153,0.000000,-0.035673,0.998901,0.030393,0.000000,-0.014066,-0.030911,0.999423,0.000000,-0.000000,0.180020,0.000000,1.000000;;
					}
					Frame Spine_Upper {
						FrameTransformMatrix {
							0.992881,-0.002299,0.119090,0.000000,-0.027419,0.968552,0.247295,0.000000,-0.115913,-0.248800,0.961594,0.000000,0.000000,0.167379,0.000000,1.000000;;
						}
						Frame L_Clavicle {
							FrameTransformMatrix {
								-0.104525,-0.943840,0.313433,0.000000,0.987110,-0.060052,0.148348,0.000000,-0.121195,0.324899,0.937951,0.000000,0.123195,0.133298,0.066591,1.000000;;
							}
							Frame L_Shoulder {
								FrameTransformMatrix {
									0.545201,-0.768219,0.335552,0.000000,0.791709,0.603440,0.095167,0.000000,-0.275595,0.213774,0.937202,0.000000,-0.012056,0.234860,-0.013978,1.000000;;
								}
								Frame L_Elbow {
									FrameTransformMatrix {
										1.000000,0.000000,-0.000000,0.000000,0.000000,0.736788,-0.676124,0.000000,-0.000000,0.676124,0.736788,0.000000,0.000000,0.206477,-0.000000,1.000000;;
									}
									Frame L_Forearm {
										FrameTransformMatrix {
											0.998594,0.000000,-0.053005,0.000000,-0.000000,1.000000,-0.000000,0.000000,0.053005,0.000000,0.998594,0.000000,-0.000000,0.084252,-0.000000,1.000000;;
										}
										Frame L_Wrist {
											FrameTransformMatrix {
												0.997534,0.066393,-0.022776,0.000000,-0.066063,0.997703,0.014962,0.000000,0.023717,-0.013420,0.999629,0.000000,-0.000000,0.108255,-0.000000,1.000000;;
											}
											Frame L_Thumb1 {
												FrameTransformMatrix {
													-0.068933,0.348233,0.934870,0.000000,0.046254,0.937207,-0.345693,0.000000,-0.996548,0.019412,-0.080712,0.000000,0.024165,0.102771,-0.114598,1.000000;;
												}
												Frame L_Thumb2 {
													FrameTransformMatrix {
														0.847606,-0.530627,0.000000,0.000000,0.530627,0.847606,-0.000000,0.000000,-0.000000,0.000000,1.000000,0.000000,-0.000000,0.077335,0.000000,1.000000;;
													}
												}
											}
											Frame L_Fgr_Index1 {
												FrameTransformMatrix {
													0.737414,-0.667982,-0.100105,0.000000,0.671355,0.741136,-0.000000,0.000000,0.074191,-0.067206,0.994977,0.000000,-0.008749,0.210378,-0.014132,1.000000;;
												}
												Frame L_Fgr_Index2 {
													FrameTransformMatrix {
														0.626800,-0.779180,0.000000,0.000000,0.779180,0.626800,-0.000000,0.000000,-0.000000,0.000000,1.000000,0.000000,0.000000,0.089384,-0.000000,1.000000;;
													}
												}
											}
										}
									}
								}
							}
						}
						Frame R_Clavicle {
							FrameTransformMatrix {
								-0.134039,0.941837,-0.308181,0.000000,0.940248,0.022647,-0.339737,0.000000,-0.312997,-0.335305,-0.888596,0.000000,-0.123195,0.133298,0.066591,1.000000;;
							}
							Frame R_Shoulder {
								FrameTransformMatrix {
									0.781694,-0.591639,0.197278,0.000000,0.518677,0.441077,-0.732411,0.000000,0.346308,0.674844,0.651656,0.000000,0.012056,-0.234860,0.013978,1.000000;;
								}
								Frame R_Elbow {
									FrameTransformMatrix {
										1.000000,0.000000,-0.000000,0.000000,0.000000,0.502080,-0.864821,0.000000,-0.000000,0.864821,0.502080,0.000000,-0.000001,-0.206477,-0.000002,1.000000;;
									}
									Frame R_Forearm {
										FrameTransformMatrix {
											0.851542,0.000000,-0.524287,0.000000,-0.000000,1.000000,-0.000000,0.000000,0.524287,0.000000,0.851542,0.000000,-0.000008,-0.084252,0.000000,1.000000;;
										}
										Frame R_Wrist {
											FrameTransformMatrix {
												0.957092,0.152274,-0.246553,0.000000,-0.172656,0.982956,-0.063148,0.000000,0.232735,0.103008,0.967070,0.000000,0.000002,-0.108255,-0.000000,1.000000;;
											}
											Frame R_Thumb1 {
												FrameTransformMatrix {
													-0.034784,0.404292,0.913968,0.000000,0.497211,0.800309,-0.335092,0.000000,-0.866932,0.442779,-0.228856,0.000000,-0.024165,-0.102771,0.114598,1.000000;;
												}
												Frame R_Thumb2 {
													FrameTransformMatrix {
														0.882127,-0.471012,0.000000,0.000000,0.471012,0.882127,-0.000000,0.000000,-0.000000,0.000000,1.000000,0.000000,-0.000000,-0.077335,0.000000,1.000000;;
													}
												}
											}
											Frame R_Fgr_Index1 {
												FrameTransformMatrix {
													0.777173,-0.623992,-0.081457,0.000000,0.626073,0.779764,-0.000000,0.000000,0.063517,-0.050998,0.996677,0.000000,0.008749,-0.210378,0.014132,1.000000;;
												}
												Frame R_Fgr_Index2 {
													FrameTransformMatrix {
														0.709920,-0.704282,0.000000,0.000000,0.704282,0.709920,-0.000000,0.000000,-0.000000,0.000000,1.000000,0.000000,-0.000000,-0.089384,-0.000000,1.000000;;
													}
												}
											}
										}
									}
								}
							}
						}
						Frame Head {
							FrameTransformMatrix {
								0.983937,-0.051791,-0.170835,0.000000,0.000000,0.956989,-0.290126,0.000000,0.178514,0.285466,0.941617,0.000000,-0.000000,0.299176,-0.037509,1.000000;;
							}
						}
					}
				}
			}
			Frame L_Thigh {
				FrameTransformMatrix {
					-0.998184,-0.013603,-0.058685,0.000000,0.037929,-0.898750,-0.436818,0.000000,-0.046801,-0.438250,0.897634,0.000000,0.189991,-0.079435,0.044513,1.000000;;
				}
				Frame L_Knee {
					FrameTransformMatrix {
						-1.000000,-0.000000,0.000000,0.000000,0.000000,0.864786,0.502141,0.000000,-0.000000,0.502141,-0.864786,0.000000,0.000094,0.197616,0.000000,1.000000;;
					}
					Frame L_Foot {
						FrameTransformMatrix {
							0.988265,-0.020090,0.151423,0.000000,-0.133495,0.368198,0.920114,0.000000,-0.074239,-0.929530,0.361195,0.000000,0.000000,0.266128,-0.000000,1.000000;;
						}
					}
				}
			}
			Frame R_Thigh {
				FrameTransformMatrix {
					-0.981449,-0.017370,0.190936,0.000000,-0.051647,-0.935119,-0.350548,0.000000,0.184637,-0.353907,0.916875,0.000000,-0.189991,-0.079435,0.044513,1.000000;;
				}
				Frame R_Knee {
					FrameTransformMatrix {
						-1.000000,0.000000,0.000000,0.000000,0.000000,0.870003,0.493047,0.000000,-0.000000,0.493047,-0.870003,0.000000,-0.000094,0.197616,0.000000,1.000000;;
					}
					Frame R_Foot {
						FrameTransformMatrix {
							0.995130,0.030282,-0.093808,0.000000,0.080787,0.294755,0.952152,0.000000,0.056484,-0.955093,0.290873,0.000000,0.000000,0.266128,-0.000000,1.000000;;
						}
					}
				}
			}
		}
	}
}
Frame DIVER_SKELETON {
	FrameTransformMatrix {
		1.000000,0.000000,-0.000000,0.000000,0.000000,1.000000,-0.000000,0.000000,-0.000000,-0.000000,1.000000,0.000000,0.000000,0.000000,-0.000000,1.000000;;
	}
	Mesh DIVER_SKELETONShape {
		8178;
		-0.319485;  1.513548; -1.161779;,
		-0.319560;  1.503549; -0.884718;,
		-0.376140;  1.521172; -0.884097;,
		-0.376065;  1.531171; -1.161159;,
		-0.319560;  1.503549; -0.884718;,
		-0.319485;  1.513548; -1.161779;,
		-0.318772;  1.454327; -1.163916;,
		-0.318847;  1.444328; -0.886855;,
		-0.329851;  1.468518; -0.739138;,
		-0.329874;  1.465367; -0.651813;,
		-0.335685;  1.469272; -0.651674;,
		-0.335977;  1.498581; -0.738055;,
		-0.369937;  1.516797; -0.737407;,
		-0.335977;  1.498581; -0.738055;,
		-0.335685;  1.469272; -0.651674;,
		-0.369451;  1.471323; -0.651609;,
		-0.390200;  1.467793; -0.739181;,
		-0.369937;  1.516797; -0.737407;,
		-0.369451;  1.471323; -0.651609;,
		-0.390223;  1.464641; -0.651855;,
		-0.359922;  1.481978; -1.122169;,
		-0.319485;  1.513548; -1.161779;,
		-0.376065;  1.531171; -1.161159;,
		-0.359922;  1.481978; -1.122169;,
		-0.376065;  1.531171; -1.161159;,
		-0.410320;  1.482841; -1.162912;,
		-0.359922;  1.481978; -1.122169;,
		-0.410320;  1.482841; -1.162912;,
		-0.374911;  1.435349; -1.164616;,
		-0.359922;  1.481978; -1.122169;,
		-0.374911;  1.435349; -1.164616;,
		-0.318772;  1.454327; -1.163916;,
		-0.359922;  1.481978; -1.122169;,
		-0.318772;  1.454327; -1.163916;,
		-0.319485;  1.513548; -1.161779;,
		-0.318847;  1.444328; -0.886855;,
		-0.318772;  1.454327; -1.163916;,
		-0.374911;  1.435349; -1.164616;,
		-0.374986;  1.425350; -0.887555;,
		-0.374986;  1.425350; -0.887555;,
		-0.374911;  1.435349; -1.164616;,
		-0.410320;  1.482841; -1.162912;,
		-0.410395;  1.472842; -0.885851;,
		-0.410395;  1.472842; -0.885851;,
		-0.410320;  1.482841; -1.162912;,
		-0.376065;  1.531171; -1.161159;,
		-0.376140;  1.521172; -0.884097;,
		-0.335822;  1.471609; -0.826779;,
		-0.329829;  1.471397; -0.818907;,
		-0.335955;  1.501459; -0.817823;,
		-0.340611;  1.485757; -0.826270;,
		-0.390178;  1.470671; -0.818949;,
		-0.384181;  1.471028; -0.826813;,
		-0.367750;  1.494210; -0.825972;,
		-0.369916;  1.519676; -0.817175;,
		-0.369916;  1.519676; -0.817175;,
		-0.367750;  1.494210; -0.825972;,
		-0.340611;  1.485757; -0.826270;,
		-0.335955;  1.501459; -0.817823;,
		-0.340599;  1.487389; -0.871516;,
		-0.319560;  1.503549; -0.884718;,
		-0.318847;  1.444328; -0.886855;,
		-0.340257;  1.458983; -0.872542;,
		-0.340257;  1.458983; -0.872542;,
		-0.318847;  1.444328; -0.886855;,
		-0.374986;  1.425350; -0.887555;,
		-0.367184;  1.449880; -0.872878;,
		-0.367184;  1.449880; -0.872878;,
		-0.374986;  1.425350; -0.887555;,
		-0.410395;  1.472842; -0.885851;,
		-0.384169;  1.472661; -0.872060;,
		-0.384169;  1.472661; -0.872060;,
		-0.410395;  1.472842; -0.885851;,
		-0.376140;  1.521172; -0.884097;,
		-0.367738;  1.495842; -0.871219;,
		-0.367738;  1.495842; -0.871219;,
		-0.376140;  1.521172; -0.884097;,
		-0.319560;  1.503549; -0.884718;,
		-0.340599;  1.487389; -0.871516;,
		-0.335822;  1.471609; -0.826779;,
		-0.340611;  1.485757; -0.826270;,
		-0.340599;  1.487389; -0.871516;,
		-0.340257;  1.458983; -0.872542;,
		-0.340269;  1.457350; -0.827295;,
		-0.367197;  1.448248; -0.827631;,
		-0.340269;  1.457350; -0.827295;,
		-0.340257;  1.458983; -0.872542;,
		-0.367184;  1.449880; -0.872878;,
		-0.384181;  1.471028; -0.826813;,
		-0.367197;  1.448248; -0.827631;,
		-0.367184;  1.449880; -0.872878;,
		-0.384169;  1.472661; -0.872060;,
		-0.367750;  1.494210; -0.825972;,
		-0.384181;  1.471028; -0.826813;,
		-0.384169;  1.472661; -0.872060;,
		-0.367738;  1.495842; -0.871219;,
		-0.340611;  1.485757; -0.826270;,
		-0.367750;  1.494210; -0.825972;,
		-0.367738;  1.495842; -0.871219;,
		-0.340599;  1.487389; -0.871516;,
		-0.390178;  1.470671; -0.818949;,
		-0.369916;  1.519676; -0.817175;,
		-0.369937;  1.516797; -0.737407;,
		-0.390200;  1.467793; -0.739181;,
		-0.369916;  1.519676; -0.817175;,
		-0.335955;  1.501459; -0.817823;,
		-0.335977;  1.498581; -0.738055;,
		-0.369937;  1.516797; -0.737407;,
		-0.335977;  1.498581; -0.738055;,
		-0.335955;  1.501459; -0.817823;,
		-0.329829;  1.471397; -0.818907;,
		-0.329851;  1.468518; -0.739138;,
		-0.392121;  1.335275; -0.437295;,
		-0.325169;  1.336080; -0.437248;,
		-0.325487;  1.386703; -0.849621;,
		-0.392439;  1.385898; -0.849668;,
		-0.325733;  1.408032; -0.864721;,
		-0.326348;  1.459116; -0.862878;,
		-0.393301;  1.458311; -0.862925;,
		-0.392685;  1.407227; -0.864768;,
		-0.409163;  1.457548; -0.847087;,
		-0.409275;  1.442619; -0.433426;,
		-0.408195;  1.353029; -0.436659;,
		-0.408548;  1.406464; -0.848930;,
		-0.309527;  1.354216; -0.436590;,
		-0.310606;  1.443806; -0.433357;,
		-0.310494;  1.458735; -0.847017;,
		-0.309879;  1.407651; -0.848861;,
		-0.326611;  1.479973; -0.846255;,
		-0.326723;  1.465044; -0.432594;,
		-0.393675;  1.464239; -0.432642;,
		-0.393563;  1.479168; -0.846303;,
		-0.392439;  1.385898; -0.849668;,
		-0.408548;  1.406464; -0.848930;,
		-0.408195;  1.353029; -0.436659;,
		-0.392121;  1.335275; -0.437295;,
		-0.392685;  1.407227; -0.864768;,
		-0.392439;  1.385898; -0.849668;,
		-0.325487;  1.386703; -0.849621;,
		-0.325733;  1.408032; -0.864721;,
		-0.408548;  1.406464; -0.848930;,
		-0.392685;  1.407227; -0.864768;,
		-0.393301;  1.458311; -0.862925;,
		-0.409163;  1.457548; -0.847087;,
		-0.309879;  1.407651; -0.848861;,
		-0.325487;  1.386703; -0.849621;,
		-0.325169;  1.336080; -0.437248;,
		-0.309527;  1.354216; -0.436590;,
		-0.325733;  1.408032; -0.864721;,
		-0.309879;  1.407651; -0.848861;,
		-0.310494;  1.458735; -0.847017;,
		-0.326348;  1.459116; -0.862878;,
		-0.409163;  1.457548; -0.847087;,
		-0.393563;  1.479168; -0.846303;,
		-0.393675;  1.464239; -0.432642;,
		-0.409275;  1.442619; -0.433426;,
		-0.393563;  1.479168; -0.846303;,
		-0.393301;  1.458311; -0.862925;,
		-0.326348;  1.459116; -0.862878;,
		-0.326611;  1.479973; -0.846255;,
		-0.326611;  1.479973; -0.846255;,
		-0.310494;  1.458735; -0.847017;,
		-0.310606;  1.443806; -0.433357;,
		-0.326723;  1.465044; -0.432594;,
		-0.409275;  1.442619; -0.433426;,
		-0.393421;  1.442238; -0.417566;,
		-0.392342;  1.352648; -0.420799;,
		-0.408195;  1.353029; -0.436659;,
		-0.393421;  1.442238; -0.417566;,
		-0.393675;  1.464239; -0.432642;,
		-0.326723;  1.465044; -0.432594;,
		-0.326469;  1.443043; -0.417519;,
		-0.326469;  1.443043; -0.417519;,
		-0.310606;  1.443806; -0.433357;,
		-0.309527;  1.354216; -0.436590;,
		-0.325389;  1.353453; -0.420752;,
		-0.392121;  1.335275; -0.437295;,
		-0.392342;  1.352648; -0.420799;,
		-0.325389;  1.353453; -0.420752;,
		-0.325169;  1.336080; -0.437248;,
		-0.408548;  1.406464; -0.848930;,
		-0.392439;  1.385898; -0.849668;,
		-0.392685;  1.407227; -0.864768;,
		-0.325487;  1.386703; -0.849621;,
		-0.309879;  1.407651; -0.848861;,
		-0.325733;  1.408032; -0.864721;,
		-0.393563;  1.479168; -0.846303;,
		-0.409163;  1.457548; -0.847087;,
		-0.393301;  1.458311; -0.862925;,
		-0.310494;  1.458735; -0.847017;,
		-0.326611;  1.479973; -0.846255;,
		-0.326348;  1.459116; -0.862878;,
		-0.393421;  1.442238; -0.417566;,
		-0.409275;  1.442619; -0.433426;,
		-0.393675;  1.464239; -0.432642;,
		-0.310606;  1.443806; -0.433357;,
		-0.326469;  1.443043; -0.417519;,
		-0.326723;  1.465044; -0.432594;,
		-0.392121;  1.335275; -0.437295;,
		-0.408195;  1.353029; -0.436659;,
		-0.392342;  1.352648; -0.420799;,
		-0.309527;  1.354216; -0.436590;,
		-0.325169;  1.336080; -0.437248;,
		-0.325389;  1.353453; -0.420752;,
		-0.326469;  1.443043; -0.417519;,
		-0.325389;  1.353453; -0.420752;,
		-0.328302;  1.395823; -0.397640;,
		-0.325389;  1.353453; -0.420752;,
		-0.392342;  1.352648; -0.420799;,
		-0.390481;  1.395075; -0.397684;,
		-0.328302;  1.395823; -0.397640;,
		-0.392342;  1.352648; -0.420799;,
		-0.393421;  1.442238; -0.417566;,
		-0.390481;  1.395075; -0.397684;,
		-0.328302;  1.395823; -0.397640;,
		-0.345218;  1.419192; -0.353908;,
		-0.345474;  1.440715; -0.358522;,
		-0.326469;  1.443043; -0.417519;,
		-0.390481;  1.395075; -0.397684;,
		-0.374193;  1.418844; -0.353929;,
		-0.345218;  1.419192; -0.353908;,
		-0.328302;  1.395823; -0.397640;,
		-0.393421;  1.442238; -0.417566;,
		-0.374449;  1.440366; -0.358542;,
		-0.374193;  1.418844; -0.353929;,
		-0.390481;  1.395075; -0.397684;,
		-0.326469;  1.443043; -0.417519;,
		-0.345474;  1.440715; -0.358522;,
		-0.374449;  1.440366; -0.358542;,
		-0.393421;  1.442238; -0.417566;,
		-0.345554;  1.446766; -0.347522;,
		-0.345474;  1.440715; -0.358522;,
		-0.345218;  1.419192; -0.353908;,
		-0.345420;  1.435327; -0.343024;,
		-0.345420;  1.435327; -0.343024;,
		-0.345218;  1.419192; -0.353908;,
		-0.374193;  1.418844; -0.353929;,
		-0.374395;  1.434978; -0.343044;,
		-0.374395;  1.434978; -0.343044;,
		-0.374193;  1.418844; -0.353929;,
		-0.374449;  1.440366; -0.358542;,
		-0.374529;  1.446418; -0.347543;,
		-0.374529;  1.446418; -0.347543;,
		-0.374449;  1.440366; -0.358542;,
		-0.345474;  1.440715; -0.358522;,
		-0.345554;  1.446766; -0.347522;,
		-0.374529;  1.446418; -0.347543;,
		-0.345554;  1.446766; -0.347522;,
		-0.348370;  1.457125; -0.339536;,
		-0.371975;  1.456841; -0.339552;,
		-0.345554;  1.446766; -0.347522;,
		-0.345420;  1.435327; -0.343024;,
		-0.348370;  1.457125; -0.339536;,
		-0.345420;  1.435327; -0.343024;,
		-0.374395;  1.434978; -0.343044;,
		-0.371975;  1.456841; -0.339552;,
		-0.348370;  1.457125; -0.339536;,
		-0.374395;  1.434978; -0.343044;,
		-0.374529;  1.446418; -0.347543;,
		-0.371975;  1.456841; -0.339552;,
		-0.376812;  1.038530; -0.437196;,
		-0.380553;  1.355821; -0.480870;,
		-0.337166;  1.356342; -0.480839;,
		-0.328495;  1.039111; -0.437162;,
		-0.378953;  1.041446; -0.483646;,
		-0.376812;  1.038530; -0.437196;,
		-0.352183;  1.001053; -0.460742;,
		-0.380553;  1.355821; -0.480870;,
		-0.376812;  1.038530; -0.437196;,
		-0.378953;  1.041446; -0.483646;,
		-0.382310;  1.357355; -0.523972;,
		-0.367908;  1.042731; -0.502917;,
		-0.378953;  1.041446; -0.483646;,
		-0.352183;  1.001053; -0.460742;,
		-0.372376;  1.358115; -0.541715;,
		-0.382310;  1.357355; -0.523972;,
		-0.378953;  1.041446; -0.483646;,
		-0.367908;  1.042731; -0.502917;,
		-0.358841;  1.358515; -0.548294;,
		-0.372376;  1.358115; -0.541715;,
		-0.367908;  1.042731; -0.502917;,
		-0.352656;  1.043317; -0.510086;,
		-0.352656;  1.043317; -0.510086;,
		-0.367908;  1.042731; -0.502917;,
		-0.352183;  1.001053; -0.460742;,
		-0.345310;  1.358440; -0.541696;,
		-0.358841;  1.358515; -0.548294;,
		-0.352656;  1.043317; -0.510086;,
		-0.337405;  1.043098; -0.502896;,
		-0.326359;  1.042078; -0.483609;,
		-0.337405;  1.043098; -0.502896;,
		-0.352183;  1.001053; -0.460742;,
		-0.337405;  1.043098; -0.502896;,
		-0.352656;  1.043317; -0.510086;,
		-0.352183;  1.001053; -0.460742;,
		-0.335386;  1.357919; -0.523939;,
		-0.345310;  1.358440; -0.541696;,
		-0.337405;  1.043098; -0.502896;,
		-0.326359;  1.042078; -0.483609;,
		-0.328495;  1.039111; -0.437162;,
		-0.326359;  1.042078; -0.483609;,
		-0.352183;  1.001053; -0.460742;,
		-0.352183;  1.001053; -0.460742;,
		-0.376812;  1.038530; -0.437196;,
		-0.328495;  1.039111; -0.437162;,
		-0.352656;  1.043317; -0.510086;,
		-0.372967;  1.031510; -0.622462;,
		-0.381666;  1.047969; -0.618579;,
		-0.352656;  1.043317; -0.510086;,
		-0.352169;  1.009652; -0.627232;,
		-0.372967;  1.031510; -0.622462;,
		-0.352656;  1.043317; -0.510086;,
		-0.331910;  1.032003; -0.622433;,
		-0.352169;  1.009652; -0.627232;,
		-0.352656;  1.043317; -0.510086;,
		-0.323614;  1.048667; -0.618538;,
		-0.331910;  1.032003; -0.622433;,
		-0.352656;  1.043317; -0.510086;,
		-0.381666;  1.047969; -0.618579;,
		-0.323614;  1.048667; -0.618538;,
		-0.372967;  1.031510; -0.622462;,
		-0.373730;  1.100316; -0.712625;,
		-0.382377;  1.110806; -0.700467;,
		-0.381666;  1.047969; -0.618579;,
		-0.352169;  1.009652; -0.627232;,
		-0.353018;  1.086168; -0.727650;,
		-0.373730;  1.100316; -0.712625;,
		-0.372967;  1.031510; -0.622462;,
		-0.331910;  1.032003; -0.622433;,
		-0.332673;  1.100810; -0.712596;,
		-0.353018;  1.086168; -0.727650;,
		-0.352169;  1.009652; -0.627232;,
		-0.323614;  1.048667; -0.618538;,
		-0.324299;  1.111505; -0.700426;,
		-0.332673;  1.100810; -0.712596;,
		-0.331910;  1.032003; -0.622433;,
		-0.381666;  1.047969; -0.618579;,
		-0.382377;  1.110806; -0.700467;,
		-0.324299;  1.111505; -0.700426;,
		-0.323614;  1.048667; -0.618538;,
		-0.373730;  1.100316; -0.712625;,
		-0.379493;  1.384689; -0.826475;,
		-0.388033;  1.382391; -0.805884;,
		-0.382377;  1.110806; -0.700467;,
		-0.353018;  1.086168; -0.727650;,
		-0.358976;  1.387243; -0.847781;,
		-0.379493;  1.384689; -0.826475;,
		-0.373730;  1.100316; -0.712625;,
		-0.332673;  1.100810; -0.712596;,
		-0.338433;  1.385183; -0.826446;,
		-0.358976;  1.387243; -0.847781;,
		-0.353018;  1.086168; -0.727650;,
		-0.324299;  1.111505; -0.700426;,
		-0.329869;  1.383090; -0.805843;,
		-0.338433;  1.385183; -0.826446;,
		-0.332673;  1.100810; -0.712596;,
		-0.382377;  1.110806; -0.700467;,
		-0.388033;  1.382391; -0.805884;,
		-0.329869;  1.383090; -0.805843;,
		-0.324299;  1.111505; -0.700426;,
		-0.337166;  1.356342; -0.480839;,
		-0.335386;  1.357919; -0.523939;,
		-0.326359;  1.042078; -0.483609;,
		-0.328495;  1.039111; -0.437162;,
		-0.446545;  1.385555; -0.477961;,
		-0.414025;  1.385946; -0.477938;,
		-0.411977;  1.387444; -0.518748;,
		-0.446533;  1.387102; -0.520808;,
		-0.411977;  1.387444; -0.518748;,
		-0.413117;  1.482026; -0.515335;,
		-0.447673;  1.481684; -0.517395;,
		-0.446533;  1.387102; -0.520808;,
		-0.447673;  1.481684; -0.517395;,
		-0.447684;  1.480138; -0.474547;,
		-0.446545;  1.385555; -0.477961;,
		-0.446533;  1.387102; -0.520808;,
		-0.414025;  1.385946; -0.477938;,
		-0.415165;  1.480529; -0.474524;,
		-0.413117;  1.482026; -0.515335;,
		-0.411977;  1.387444; -0.518748;,
		-0.413117;  1.482026; -0.515335;,
		-0.415165;  1.480529; -0.474524;,
		-0.447684;  1.480138; -0.474547;,
		-0.447673;  1.481684; -0.517395;,
		-0.415165;  1.480529; -0.474524;,
		-0.414025;  1.385946; -0.477938;,
		-0.446545;  1.385555; -0.477961;,
		-0.447684;  1.480138; -0.474547;,
		-0.343665;  1.506758; -0.666731;,
		-0.330470;  1.506113; -0.643735;,
		-0.358409;  1.533184; -0.642104;,
		-0.358580;  1.521216; -0.665998;,
		-0.358169;  1.491873; -0.667056;,
		-0.357637;  1.478223; -0.644088;,
		-0.330470;  1.506113; -0.643735;,
		-0.343665;  1.506758; -0.666731;,
		-0.358437;  1.506702; -0.670930;,
		-0.343665;  1.506758; -0.666731;,
		-0.358580;  1.521216; -0.665998;,
		-0.358437;  1.506702; -0.670930;,
		-0.358169;  1.491873; -0.667056;,
		-0.343665;  1.506758; -0.666731;,
		-0.328943;  1.503048; -0.558194;,
		-0.330126;  1.505844; -0.636133;,
		-0.357559;  1.477610; -0.636491;,
		-0.356357;  1.474818; -0.559071;,
		-0.357217;  1.530462; -0.556803;,
		-0.358341;  1.533250; -0.634484;,
		-0.330126;  1.505844; -0.636133;,
		-0.328943;  1.503048; -0.558194;,
		-0.346103;  1.499892; -0.512510;,
		-0.329119;  1.502637; -0.546862;,
		-0.356279;  1.474755; -0.547471;,
		-0.355480;  1.490421; -0.512575;,
		-0.355742;  1.509076; -0.511902;,
		-0.357051;  1.529717; -0.545488;,
		-0.329119;  1.502637; -0.546862;,
		-0.346103;  1.499892; -0.512510;,
		-0.358461;  1.539255; -0.638192;,
		-0.358409;  1.533184; -0.642104;,
		-0.330470;  1.506113; -0.643735;,
		-0.325689;  1.506062; -0.640460;,
		-0.358461;  1.539255; -0.638192;,
		-0.325689;  1.506062; -0.640460;,
		-0.330126;  1.505844; -0.636133;,
		-0.358341;  1.533250; -0.634484;,
		-0.325689;  1.506062; -0.640460;,
		-0.330470;  1.506113; -0.643735;,
		-0.357637;  1.478223; -0.644088;,
		-0.357503;  1.471014; -0.640654;,
		-0.325689;  1.506062; -0.640460;,
		-0.357503;  1.471014; -0.640654;,
		-0.357559;  1.477610; -0.636491;,
		-0.330126;  1.505844; -0.636133;,
		-0.319920;  1.502992; -0.553130;,
		-0.328943;  1.503048; -0.558194;,
		-0.356357;  1.474818; -0.559071;,
		-0.356259;  1.467878; -0.553279;,
		-0.319920;  1.502992; -0.553130;,
		-0.329119;  1.502637; -0.546862;,
		-0.357051;  1.529717; -0.545488;,
		-0.357258;  1.539029; -0.550712;,
		-0.319920;  1.502992; -0.553130;,
		-0.357258;  1.539029; -0.550712;,
		-0.357217;  1.530462; -0.556803;,
		-0.328943;  1.503048; -0.558194;,
		-0.319920;  1.502992; -0.553130;,
		-0.356259;  1.467878; -0.553279;,
		-0.356279;  1.474755; -0.547471;,
		-0.329119;  1.502637; -0.546862;,
		-0.355742;  1.509076; -0.511902;,
		-0.346103;  1.499892; -0.512510;,
		-0.343738;  1.490078; -0.439284;,
		-0.352579;  1.505563; -0.433807;,
		-0.346103;  1.499892; -0.512510;,
		-0.355480;  1.490421; -0.512575;,
		-0.359349;  1.481276; -0.440080;,
		-0.343738;  1.490078; -0.439284;,
		-0.384759;  1.502237; -0.557433;,
		-0.385781;  1.505035; -0.635374;,
		-0.358341;  1.533250; -0.634484;,
		-0.357217;  1.530462; -0.556803;,
		-0.356357;  1.474818; -0.559071;,
		-0.357559;  1.477610; -0.636491;,
		-0.385781;  1.505035; -0.635374;,
		-0.384759;  1.502237; -0.557433;,
		-0.358580;  1.521216; -0.665998;,
		-0.358409;  1.533184; -0.642104;,
		-0.385653;  1.505311; -0.642982;,
		-0.373113;  1.506330; -0.666330;,
		-0.373113;  1.506330; -0.666330;,
		-0.385653;  1.505311; -0.642982;,
		-0.357637;  1.478223; -0.644088;,
		-0.358169;  1.491873; -0.667056;,
		-0.358437;  1.506702; -0.670930;,
		-0.358580;  1.521216; -0.665998;,
		-0.373113;  1.506330; -0.666330;,
		-0.358437;  1.506702; -0.670930;,
		-0.373113;  1.506330; -0.666330;,
		-0.358169;  1.491873; -0.667056;,
		-0.358461;  1.539255; -0.638192;,
		-0.358341;  1.533250; -0.634484;,
		-0.385781;  1.505035; -0.635374;,
		-0.390339;  1.505123; -0.639579;,
		-0.358461;  1.539255; -0.638192;,
		-0.390339;  1.505123; -0.639579;,
		-0.385653;  1.505311; -0.642982;,
		-0.358409;  1.533184; -0.642104;,
		-0.390339;  1.505123; -0.639579;,
		-0.385781;  1.505035; -0.635374;,
		-0.357559;  1.477610; -0.636491;,
		-0.357503;  1.471014; -0.640654;,
		-0.390339;  1.505123; -0.639579;,
		-0.357503;  1.471014; -0.640654;,
		-0.357637;  1.478223; -0.644088;,
		-0.385653;  1.505311; -0.642982;,
		-0.393636;  1.501921; -0.552125;,
		-0.384263;  1.501835; -0.546111;,
		-0.356279;  1.474755; -0.547471;,
		-0.356259;  1.467878; -0.553279;,
		-0.393636;  1.501921; -0.552125;,
		-0.384759;  1.502237; -0.557433;,
		-0.357217;  1.530462; -0.556803;,
		-0.357258;  1.539029; -0.550712;,
		-0.393636;  1.501921; -0.552125;,
		-0.357258;  1.539029; -0.550712;,
		-0.357051;  1.529717; -0.545488;,
		-0.384263;  1.501835; -0.546111;,
		-0.393636;  1.501921; -0.552125;,
		-0.356259;  1.467878; -0.553279;,
		-0.356357;  1.474818; -0.559071;,
		-0.384759;  1.502237; -0.557433;,
		-0.365297;  1.499609; -0.512141;,
		-0.384263;  1.501835; -0.546111;,
		-0.357051;  1.529717; -0.545488;,
		-0.355742;  1.509076; -0.511902;,
		-0.355480;  1.490421; -0.512575;,
		-0.356279;  1.474755; -0.547471;,
		-0.384263;  1.501835; -0.546111;,
		-0.365297;  1.499609; -0.512141;,
		-0.365297;  1.499609; -0.512141;,
		-0.355742;  1.509076; -0.511902;,
		-0.352579;  1.505563; -0.433807;,
		-0.369150;  1.496314; -0.435254;,
		-0.355480;  1.490421; -0.512575;,
		-0.365297;  1.499609; -0.512141;,
		-0.369150;  1.496314; -0.435254;,
		-0.359349;  1.481276; -0.440080;,
		-0.352579;  1.505563; -0.433807;,
		-0.343738;  1.490078; -0.439284;,
		-0.357373;  1.469403; -0.417375;,
		-0.366370;  1.476984; -0.406507;,
		-0.343738;  1.490078; -0.439284;,
		-0.359349;  1.481276; -0.440080;,
		-0.370673;  1.473534; -0.426122;,
		-0.357373;  1.469403; -0.417375;,
		-0.369150;  1.496314; -0.435254;,
		-0.352579;  1.505563; -0.433807;,
		-0.366370;  1.476984; -0.406507;,
		-0.377294;  1.481776; -0.415987;,
		-0.359349;  1.481276; -0.440080;,
		-0.369150;  1.496314; -0.435254;,
		-0.377294;  1.481776; -0.415987;,
		-0.370673;  1.473534; -0.426122;,
		-0.432170;  1.474385; -0.477447;,
		-0.419837;  1.463456; -0.479975;,
		-0.401937;  1.468924; -0.442146;,
		-0.414047;  1.479860; -0.440035;,
		-0.444776;  1.462969; -0.476177;,
		-0.432170;  1.474385; -0.477447;,
		-0.414047;  1.479860; -0.440035;,
		-0.423253;  1.468356; -0.436127;,
		-0.431713;  1.451396; -0.478855;,
		-0.444776;  1.462969; -0.476177;,
		-0.423253;  1.468356; -0.436127;,
		-0.410848;  1.456766; -0.438244;,
		-0.419837;  1.463456; -0.479975;,
		-0.431713;  1.451396; -0.478855;,
		-0.410848;  1.456766; -0.438244;,
		-0.401937;  1.468924; -0.442146;,
		-0.401937;  1.468924; -0.442146;,
		-0.357373;  1.469403; -0.417375;,
		-0.370673;  1.473534; -0.426122;,
		-0.414047;  1.479860; -0.440035;,
		-0.401937;  1.468924; -0.442146;,
		-0.410848;  1.456766; -0.438244;,
		-0.366370;  1.476984; -0.406507;,
		-0.357373;  1.469403; -0.417375;,
		-0.377294;  1.481776; -0.415987;,
		-0.366370;  1.476984; -0.406507;,
		-0.410848;  1.456766; -0.438244;,
		-0.423253;  1.468356; -0.436127;,
		-0.423253;  1.468356; -0.436127;,
		-0.414047;  1.479860; -0.440035;,
		-0.370673;  1.473534; -0.426122;,
		-0.377294;  1.481776; -0.415987;,
		 0.023152;  0.708815; -0.306864;,
		 0.132149;  0.716388; -0.291960;,
		 0.127338;  0.775670; -0.244614;,
		 0.018113;  0.769685; -0.258234;,
		-0.016853;  0.735358;  0.120262;,
		 0.067154;  0.744370;  0.096365;,
		 0.077625;  0.928150;  0.100738;,
		-0.016467;  0.861758;  0.115068;,
		 0.077625;  0.928150;  0.100738;,
		 0.067866;  0.911922;  0.207099;,
		-0.030555;  0.851654;  0.263721;,
		-0.016467;  0.861758;  0.115068;,
		-0.030555;  0.851654;  0.263721;,
		 0.067866;  0.911922;  0.207099;,
		 0.140293;  0.749204;  0.219428;,
		-0.029833;  0.731857;  0.256508;,
		-0.025593;  0.645653;  0.211571;,
		 0.146895;  0.622483;  0.148203;,
		 0.117318;  0.577806;  0.064806;,
		-0.019396;  0.590331;  0.145129;,
		 0.117318;  0.577806;  0.064806;,
		 0.099253;  0.616092; -0.044564;,
		-0.011039;  0.605170;  0.053708;,
		-0.019396;  0.590331;  0.145129;,
		 0.215747;  0.727605;  0.128470;,
		 0.143768;  0.749658;  0.014244;,
		 0.182197;  0.688533; -0.032830;,
		 0.202523;  0.653667;  0.056933;,
		 0.326325;  0.933838; -0.023988;,
		 0.322506;  0.875387; -0.017984;,
		 0.359143;  0.872184;  0.023468;,
		 0.362882;  0.932235;  0.017873;,
		 0.127338;  0.775670; -0.244614;,
		 0.132149;  0.716388; -0.291960;,
		 0.196367;  0.744908; -0.251253;,
		 0.196746;  0.781999; -0.198664;,
		 0.099253;  0.616092; -0.044564;,
		 0.117318;  0.577806;  0.064806;,
		 0.202523;  0.653667;  0.056933;,
		 0.182197;  0.688533; -0.032830;,
		 0.117318;  0.577806;  0.064806;,
		 0.146895;  0.622483;  0.148203;,
		 0.215747;  0.727605;  0.128470;,
		 0.202523;  0.653667;  0.056933;,
		 0.077625;  0.928150;  0.100738;,
		 0.067154;  0.744370;  0.096365;,
		 0.158163;  0.829272;  0.071554;,
		 0.215560;  0.976305;  0.061921;,
		 0.140293;  0.749204;  0.219428;,
		 0.067866;  0.911922;  0.207099;,
		 0.247724;  0.962220;  0.156162;,
		 0.220522;  0.807749;  0.165505;,
		 0.067866;  0.911922;  0.207099;,
		 0.077625;  0.928150;  0.100738;,
		 0.215560;  0.976305;  0.061921;,
		 0.247724;  0.962220;  0.156162;,
		 0.215560;  0.976305;  0.061921;,
		 0.158163;  0.829272;  0.071554;,
		 0.322506;  0.875387; -0.017984;,
		 0.326325;  0.933838; -0.023988;,
		 0.158163;  0.829272;  0.071554;,
		 0.220522;  0.807749;  0.165505;,
		 0.359143;  0.872184;  0.023468;,
		 0.322506;  0.875387; -0.017984;,
		 0.220522;  0.807749;  0.165505;,
		 0.247724;  0.962220;  0.156162;,
		 0.362882;  0.932235;  0.017873;,
		 0.359143;  0.872184;  0.023468;,
		 0.247724;  0.962220;  0.156162;,
		 0.215560;  0.976305;  0.061921;,
		 0.326325;  0.933838; -0.023988;,
		 0.362882;  0.932235;  0.017873;,
		-0.029833;  0.731857;  0.256508;,
		 0.140293;  0.749204;  0.219428;,
		 0.146895;  0.622483;  0.148203;,
		-0.025593;  0.645653;  0.211571;,
		 0.215747;  0.727605;  0.128470;,
		 0.146895;  0.622483;  0.148203;,
		 0.140293;  0.749204;  0.219428;,
		 0.220522;  0.807749;  0.165505;,
		 0.220522;  0.807749;  0.165505;,
		 0.158163;  0.829272;  0.071554;,
		 0.143768;  0.749658;  0.014244;,
		 0.215747;  0.727605;  0.128470;,
		 0.067154;  0.744370;  0.096365;,
		 0.070175;  0.679399;  0.032773;,
		 0.143768;  0.749658;  0.014244;,
		 0.158163;  0.829272;  0.071554;,
		-0.016062;  0.656675;  0.109543;,
		 0.070175;  0.679399;  0.032773;,
		 0.067154;  0.744370;  0.096365;,
		-0.016853;  0.735358;  0.120262;,
		 0.099253;  0.616092; -0.044564;,
		 0.182197;  0.688533; -0.032830;,
		 0.243717;  0.725892; -0.128283;,
		 0.137668;  0.664627; -0.174285;,
		 0.182197;  0.688533; -0.032830;,
		 0.143768;  0.749658;  0.014244;,
		 0.228060;  0.778665; -0.097584;,
		 0.243717;  0.725892; -0.128283;,
		 0.143768;  0.749658;  0.014244;,
		 0.070175;  0.679399;  0.032773;,
		 0.134632;  0.740377; -0.118469;,
		 0.228060;  0.778665; -0.097584;,
		 0.014108;  0.640319; -0.216560;,
		 0.137668;  0.664627; -0.174285;,
		 0.132149;  0.716388; -0.291960;,
		 0.023152;  0.708815; -0.306864;,
		 0.134632;  0.740377; -0.118469;,
		 0.008559;  0.723232; -0.166595;,
		 0.018113;  0.769685; -0.258234;,
		 0.127338;  0.775670; -0.244614;,
		 0.137668;  0.664627; -0.174285;,
		 0.243717;  0.725892; -0.128283;,
		 0.196367;  0.744908; -0.251253;,
		 0.132149;  0.716388; -0.291960;,
		 0.243717;  0.725892; -0.128283;,
		 0.228060;  0.778665; -0.097584;,
		 0.196746;  0.781999; -0.198664;,
		 0.196367;  0.744908; -0.251253;,
		 0.228060;  0.778665; -0.097584;,
		 0.134632;  0.740377; -0.118469;,
		 0.127338;  0.775670; -0.244614;,
		 0.196746;  0.781999; -0.198664;,
		 0.137668;  0.664627; -0.174285;,
		 0.014108;  0.640319; -0.216560;,
		 0.008559;  0.723232; -0.166595;,
		 0.134632;  0.740377; -0.118469;,
		 0.099253;  0.616092; -0.044564;,
		 0.070175;  0.679399;  0.032773;,
		-0.016062;  0.656675;  0.109543;,
		-0.011039;  0.605170;  0.053708;,
		 0.137668;  0.664627; -0.174285;,
		 0.134632;  0.740377; -0.118469;,
		 0.070175;  0.679399;  0.032773;,
		 0.099253;  0.616092; -0.044564;,
		 0.023152;  0.708815; -0.306864;,
		 0.018113;  0.769685; -0.258234;,
		-0.093326;  0.774675; -0.267502;,
		-0.089715;  0.715714; -0.314610;,
		-0.016853;  0.735358;  0.120262;,
		-0.016467;  0.861758;  0.115068;,
		-0.107030;  0.928282;  0.082842;,
		-0.090640;  0.752285;  0.076617;,
		-0.107030;  0.928282;  0.082842;,
		-0.016467;  0.861758;  0.115068;,
		-0.030555;  0.851654;  0.263721;,
		-0.116709;  0.912471;  0.189049;,
		-0.030555;  0.851654;  0.263721;,
		-0.029833;  0.731857;  0.256508;,
		-0.184283;  0.751918;  0.188578;,
		-0.116709;  0.912471;  0.189049;,
		-0.025593;  0.645653;  0.211571;,
		-0.019396;  0.590331;  0.145129;,
		-0.129354;  0.584836;  0.048417;,
		-0.169188;  0.633438;  0.124631;,
		-0.129354;  0.584836;  0.048417;,
		-0.019396;  0.590331;  0.145129;,
		-0.011039;  0.605170;  0.053708;,
		-0.104500;  0.613289; -0.061820;,
		-0.241668;  0.730750;  0.088381;,
		-0.216786;  0.654603;  0.023463;,
		-0.187977;  0.688469; -0.068304;,
		-0.155041;  0.750313; -0.017335;,
		-0.327792;  0.933625; -0.086510;,
		-0.371615;  0.931996; -0.052333;,
		-0.368832;  0.871852; -0.043981;,
		-0.325540;  0.874913; -0.078994;,
		-0.093326;  0.774675; -0.267502;,
		-0.171048;  0.779496; -0.235243;,
		-0.161234;  0.742410; -0.286560;,
		-0.089715;  0.715714; -0.314610;,
		-0.104500;  0.613289; -0.061820;,
		-0.187977;  0.688469; -0.068304;,
		-0.216786;  0.654603;  0.023463;,
		-0.129354;  0.584836;  0.048417;,
		-0.129354;  0.584836;  0.048417;,
		-0.216786;  0.654603;  0.023463;,
		-0.241668;  0.730750;  0.088381;,
		-0.169188;  0.633438;  0.124631;,
		-0.107030;  0.928282;  0.082842;,
		-0.235334;  0.976158;  0.018823;,
		-0.178484;  0.831791;  0.036550;,
		-0.090640;  0.752285;  0.076617;,
		-0.184283;  0.751918;  0.188578;,
		-0.255862;  0.808336;  0.121348;,
		-0.284386;  0.962198;  0.105353;,
		-0.116709;  0.912471;  0.189049;,
		-0.116709;  0.912471;  0.189049;,
		-0.284386;  0.962198;  0.105353;,
		-0.235334;  0.976158;  0.018823;,
		-0.107030;  0.928282;  0.082842;,
		-0.235334;  0.976158;  0.018823;,
		-0.327792;  0.933625; -0.086510;,
		-0.325540;  0.874913; -0.078994;,
		-0.178484;  0.831791;  0.036550;,
		-0.178484;  0.831791;  0.036550;,
		-0.325540;  0.874913; -0.078994;,
		-0.368832;  0.871852; -0.043981;,
		-0.255862;  0.808336;  0.121348;,
		-0.255862;  0.808336;  0.121348;,
		-0.368832;  0.871852; -0.043981;,
		-0.371615;  0.931996; -0.052333;,
		-0.284386;  0.962198;  0.105353;,
		-0.284386;  0.962198;  0.105353;,
		-0.371615;  0.931996; -0.052333;,
		-0.327792;  0.933625; -0.086510;,
		-0.235334;  0.976158;  0.018823;,
		-0.029833;  0.731857;  0.256508;,
		-0.025593;  0.645653;  0.211571;,
		-0.169188;  0.633438;  0.124631;,
		-0.184283;  0.751918;  0.188578;,
		-0.241668;  0.730750;  0.088381;,
		-0.255862;  0.808336;  0.121348;,
		-0.184283;  0.751918;  0.188578;,
		-0.169188;  0.633438;  0.124631;,
		-0.255862;  0.808336;  0.121348;,
		-0.241668;  0.730750;  0.088381;,
		-0.155041;  0.750313; -0.017335;,
		-0.178484;  0.831791;  0.036550;,
		-0.090640;  0.752285;  0.076617;,
		-0.178484;  0.831791;  0.036550;,
		-0.155041;  0.750313; -0.017335;,
		-0.084166;  0.681945;  0.013897;,
		-0.016062;  0.656675;  0.109543;,
		-0.016853;  0.735358;  0.120262;,
		-0.090640;  0.752285;  0.076617;,
		-0.084166;  0.681945;  0.013897;,
		-0.104500;  0.613289; -0.061820;,
		-0.121833;  0.662128; -0.201684;,
		-0.234791;  0.720353; -0.171856;,
		-0.187977;  0.688469; -0.068304;,
		-0.187977;  0.688469; -0.068304;,
		-0.234791;  0.720353; -0.171856;,
		-0.222178;  0.776245; -0.140457;,
		-0.155041;  0.750313; -0.017335;,
		-0.155041;  0.750313; -0.017335;,
		-0.222178;  0.776245; -0.140457;,
		-0.127089;  0.734041; -0.146676;,
		-0.084166;  0.681945;  0.013897;,
		 0.014108;  0.640319; -0.216560;,
		 0.023152;  0.708815; -0.306864;,
		-0.089715;  0.715714; -0.314610;,
		-0.121833;  0.662128; -0.201684;,
		-0.127089;  0.734041; -0.146676;,
		-0.093326;  0.774675; -0.267502;,
		 0.018113;  0.769685; -0.258234;,
		 0.008559;  0.723232; -0.166595;,
		-0.121833;  0.662128; -0.201684;,
		-0.089715;  0.715714; -0.314610;,
		-0.161234;  0.742410; -0.286560;,
		-0.234791;  0.720353; -0.171856;,
		-0.234791;  0.720353; -0.171856;,
		-0.161234;  0.742410; -0.286560;,
		-0.171048;  0.779496; -0.235243;,
		-0.222178;  0.776245; -0.140457;,
		-0.222178;  0.776245; -0.140457;,
		-0.171048;  0.779496; -0.235243;,
		-0.093326;  0.774675; -0.267502;,
		-0.127089;  0.734041; -0.146676;,
		-0.121833;  0.662128; -0.201684;,
		-0.127089;  0.734041; -0.146676;,
		 0.008559;  0.723232; -0.166595;,
		 0.014108;  0.640319; -0.216560;,
		-0.104500;  0.613289; -0.061820;,
		-0.011039;  0.605170;  0.053708;,
		-0.016062;  0.656675;  0.109543;,
		-0.084166;  0.681945;  0.013897;,
		-0.121833;  0.662128; -0.201684;,
		-0.104500;  0.613289; -0.061820;,
		-0.084166;  0.681945;  0.013897;,
		-0.127089;  0.734041; -0.146676;,
		 0.297056;  1.102065; -0.122366;,
		 0.255510;  1.083140; -0.102827;,
		 0.283069;  1.094446;  0.074415;,
		 0.331012;  1.105898;  0.104967;,
		 0.255510;  1.083140; -0.102827;,
		 0.245125;  1.135718; -0.072494;,
		 0.257589;  1.139179;  0.096276;,
		 0.283069;  1.094446;  0.074415;,
		 0.245125;  1.135718; -0.072494;,
		 0.284237;  1.157555; -0.090616;,
		 0.296410;  1.160625;  0.120410;,
		 0.257589;  1.139179;  0.096276;,
		 0.284237;  1.157555; -0.090616;,
		 0.297056;  1.102065; -0.122366;,
		 0.331012;  1.105898;  0.104967;,
		 0.296410;  1.160625;  0.120410;,
		 0.331012;  1.105898;  0.104967;,
		 0.283069;  1.094446;  0.074415;,
		 0.135216;  1.149654;  0.118952;,
		 0.144130;  1.117922;  0.129963;,
		 0.283069;  1.094446;  0.074415;,
		 0.257589;  1.139179;  0.096276;,
		 0.120598;  1.189439;  0.131960;,
		 0.135216;  1.149654;  0.118952;,
		 0.257589;  1.139179;  0.096276;,
		 0.296410;  1.160625;  0.120410;,
		 0.137515;  1.157000;  0.161299;,
		 0.120598;  1.189439;  0.131960;,
		 0.296410;  1.160625;  0.120410;,
		 0.331012;  1.105898;  0.104967;,
		 0.144130;  1.117922;  0.129963;,
		 0.137515;  1.157000;  0.161299;,
		 0.144130;  1.117922;  0.129963;,
		 0.135216;  1.149654;  0.118952;,
		-0.007143;  1.178251;  0.093479;,
		-0.007739;  1.158020;  0.123089;,
		 0.135216;  1.149654;  0.118952;,
		 0.120598;  1.189439;  0.131960;,
		-0.023408;  1.226508;  0.109198;,
		-0.007143;  1.178251;  0.093479;,
		 0.120598;  1.189439;  0.131960;,
		 0.137515;  1.157000;  0.161299;,
		-0.023544;  1.202893;  0.139209;,
